1620 1302
2506 2453
2506 177
2506 3855
2506 6151
2506 5224
2506 2451
2506 7840
2506 7261
2506 6115
2506 6991
2506 6357
2506 3606
9256 2049
2506 3709
2506 8568
5798 8244
2506 3178
2506 1114
2506 2688
2506 2539
368 2506
2506 6733
2506 1159
6450 2506
2506 7735
2506 8040
3546 2506
8717 899
8141 2506
2506 985
8983 5878
5797 2506
2506 4303
2506 3385
2506 7977
531 7729
2506 7032
8460 2506
2506 7532
2506 3634
5798 3504
2506 7892
7768 2506
2506 4661
2506 1744
9302 3015
2506 4402
2506 7409
2506 778
1507 5077
2506 5008
1191 2506
2506 5335
5366 2506
2506 7510
5481 2715
2506 1157
2506 6743
2506 1376
2506 6435
943 2506
6461 2506
4640 7406
2506 3806
6361 2506
2506 1585
2506 7976
2506 4141
2506 7253
3984 4377
2506 9137
6186 2120
8590 2506
2506 2169
6666 2506
2506 6660
2506 9486
9584 5194
880 2506
2506 6983
2986 2917
2506 5491
2506 8873
2506 7421
4237 6273
2506 1071
4316 2506
2506 9608
2506 6693
2506 4238
2506 5096
2506 8530
2506 3264
2759 2506
2506 435
2506 5641
4073 2506
2506 2753
2506 8790
2506 6125
5212 5213
2506 7059
2506 3528
2506 8
1173 2506
2506 3292
1751 2506
2506 7334
2506 7660
2506 8162
2506 7525
2506 1615
2506 8329
2506 4561
5950 2506
2506 1891
2506 280
5798 2657
2506 3188
2506 18
2506 2137
2506 2965
2506 7478
8129 2506
4562 2506
2446 1662
2506 7237
9302 4936
2506 7420
2506 422
9302 2043
4905 1596
2506 5068
5467 2506
8886 2264
2506 4601
2506 1847
706 2506
2506 6138
580 2506
2506 8502
2506 8898
2506 1550
2506 5622
2506 712
2506 6735
2506 7205
2506 128
2506 2806
2506 644
2506 2047
1825 2506
2506 3555
2506 8709
2506 5510
2506 6387
2506 8965
2506 7005
2506 6814
5067 2506
3730 9302
4849 3824
381 9614
2506 1736
2506 372
2506 3735
2506 7623
2506 8992
6132 482
2506 2976
9302 2274
2506 7186
2506 8616
4539 1507
2506 2532
8101 2506
2506 3804
9615 2506
2506 4913
4566 568
2506 4146
2506 5270
676 3490
2506 5919
6406 2506
2506 5112
5647 2622
2506 1056
2506 3745
8278 4771
2506 6716
2506 6336
2506 2114
5200 2506
2506 4491
2506 8796
2506 426
9189 2506
2946 2506
8580 2506
8886 4622
2506 2717
2506 8224
6385 2506
2506 5853
2506 4787
5361 2506
2506 7452
8456 5404
1187 2506
9302 5495
2506 454
2091 9302
2506 3662
6825 2506
2506 6196
2506 7691
2506 2575
2199 2506
2506 6076
2506 8383
6077 2448
2506 9576
2506 586
7547 7925
6132 3277
4976 5753
8598 2506
2506 1339
8744 5000
9537 4208
9302 3459
2506 5487
2506 7992
2506 90
2506 1389
8888 2338
2506 7362
3365 8035
8456 1096
2506 413
2087 2506
2506 2108
2506 4697
2506 8736
2506 6137
8602 2134
4093 2506
2506 4393
2774 8327
2506 4824
2506 6956
8314 8742
2506 7104
4086 2506
2506 7434
2506 999
2506 3461
2506 582
1123 3058
8926 2506
4341 1562
2506 6240
2506 3932
2506 7578
2506 4492
5822 2506
2506 9213
2506 2329
9302 2933
2512 2506
8589 2506
2506 963
2506 5083
900 9302
2506 3923
2506 7815
8782 5282
2506 1119
2506 2320
2506 4114
2506 7233
6213 531
2986 2181
2506 1127
2506 9105
2506 5539
2506 2968
2973 2506
2506 6180
9302 3209
2506 1481
2506 4822
2506 9227
7310 2506
920 3365
2038 2506
2506 473
2506 6791
2506 8512
2506 6819
2506 6378
6507 1048
2506 3118
2506 1607
5282 1325
2506 255
2506 8770
2506 8336
4068 2506
2506 5485
2974 6507
4145 2506
1057 2372
2506 8114
2506 7728
2506 8723
2506 7649
2506 9565
2506 7278
2506 1050
2506 3377
45 9302
2506 1407
2506 5969
2506 2877
2506 8574
2506 33
2506 9526
2506 1727
2506 7767
2506 3732
2506 2833
2819 6740
9302 7833
2506 2656
2774 7928
2506 2458
8707 2506
2506 1826
2506 3091
2506 8353
2506 5719
9302 1990
5048 2800
6355 2506
5792 2506
2506 288
2506 4334
2506 152
2506 8694
6132 5164
962 2506
8000 2506
1507 4218
2506 4072
4026 2506
2783 2673
8833 2506
2093 2506
9269 6204
2506 6251
2506 8847
2506 966
7534 2506
2506 6794
2506 7377
2506 9275
5732 2506
2506 5762
9227 2506
2506 347
2506 8830
2506 9365
2506 3407
997 2822
4556 2506
2506 3151
1794 2506
8128 5036
2506 1382
5990 1916
2629 2506
2506 318
2506 7338
2420 2506
2506 9194
6233 2506
9302 2658
2506 108
42 9302
1123 5416
6132 6850
2506 4442
2506 7983
2506 2701
2506 7323
2506 3447
2506 5680
2506 8729
4355 2506
3526 2506
2506 3473
2506 2969
2506 6071
2506 2349
8272 211
2506 8536
9302 8435
100 5087
2506 7002
2506 7275
2506 4827
2506 8557
4079 2506
2506 3723
2506 6148
5173 2506
2644 1988
9302 198
2506 1922
2506 4485
2506 4425
2506 4373
2506 1038
2506 9631
2506 621
2506 9293
2506 4759
6151 2860
2506 3597
1907 2506
2506 5977
2506 5528
2506 2094
2506 4470
2506 2663
2506 5237
2506 4212
2506 7086
3811 2506
3003 5194
634 2506
2506 4117
2506 5023
2506 871
2506 21
1445 2506
2506 6524
1685 1264
9302 7563
2506 781
2506 4773
7721 2506
2506 2489
6030 5634
2506 7422
2506 1949
2506 302
2506 3203
9302 2865
2506 4796
2506 3632
2506 7480
2506 4313
2506 8006
2506 7192
2506 7383
2506 2557
2506 6960
2506 3086
4002 9381
2506 3843
2506 2180
9302 3640
2506 578
2506 3386
2506 728
2783 1717
2506 2026
6565 2506
6319 9074
2506 540
2506 2151
2506 8515
7910 2506
7183 2506
1893 2506
7830 2506
2506 8082
2506 3480
2506 1383
2506 150
2506 3871
9302 3458
2506 3311
9302 3317
9302 1284
2374 2506
2506 716
5757 9302
8283 8526
2791 7269
2506 4063
2826 2506
2506 5837
9471 2506
8369 2506
2506 6243
2446 5403
4038 3769
2506 2952
2506 9224
2506 8664
2506 1548
2506 3706
212 2506
2506 1533
2506 7855
2506 1976
2506 1474
2506 4519
2506 3170
9598 1881
548 2506
2506 3989
4640 5905
7198 2506
6762 2506
2506 7209
9302 4340
2506 6619
2506 8125
9546 2506
2506 3416
2506 2416
2506 5631
3048 48
2506 8241
2506 5846
2062 2506
2506 6808
2506 5610
2506 8940
8156 7243
2506 3527
2506 2748
4785 7541
2506 769
2506 1083
2506 8216
2506 8916
2506 8500
2506 5167
2506 7519
7748 2506
2506 2245
2506 7412
2506 4711
9006 7751
2506 4482
2506 8350
9302 5509
2506 5137
3378 2506
2506 2713
2506 9400
2506 9228
2506 3944
2506 5699
2506 8381
9302 4439
2506 3326
2506 3581
2506 748
2506 2894
2506 2065
2506 6480
2506 160
5194 8749
3984 9459
2506 5830
2506 2538
4157 2506
2506 4092
9302 8274
2506 4186
15 4635
2506 9026
5372 5412
2506 3366
1693 2004
2506 5308
2506 3500
2506 8100
2506 20
2506 7849
2506 1459
2506 6906
6030 6089
1282 2506
2506 7731
2506 7238
2506 5989
2774 293
2506 6070
2506 529
6132 5750
9302 7182
2340 188
2506 7265
2506 1080
2506 3949
2506 6641
6950 8733
2506 9427
2506 8099
9302 4332
3494 8620
2506 7216
7974 2506
2506 9438
5087 7512
2506 9344
2506 8788
2506 2198
2506 1113
2506 1680
2506 3417
2506 6710
4968 2506
2506 3937
2506 5288
2506 8930
9537 8317
2506 2804
2506 1158
2506 9294
2506 1147
4409 2506
2506 928
2506 9015
2506 8970
2506 554
5481 755
6182 8311
2506 7228
2506 9398
2506 3238
2506 4293
2506 3839
2890 2506
6956 2506
6030 5234
8717 3965
676 161
2506 9370
2506 488
2506 364
676 5360
2506 6013
2506 6273
2506 9347
1991 2774
9547 4
5089 2506
1423 2506
7123 2506
2506 6485
2506 9164
2506 5108
3060 4228
2506 5897
5001 2506
2506 4075
2506 1827
2506 2335
2506 1486
2506 7616
2506 6082
2506 7290
9302 7590
2506 1102
2506 4447
9302 3792
2506 3661
2343 2506
2506 6468
6741 8314
8611 2506
2506 4463
6507 719
2506 9445
2506 7142
2506 8704
2506 5402
2506 6603
2506 4595
2506 8763
2506 7051
2506 166
2506 8330
8314 2125
2506 5921
3433 2506
2506 6879
3824 5439
2506 3560
6374 9302
2506 5010
2506 4318
2506 7601
531 4856
2506 6226
2506 5400
2506 5959
4945 2506
2506 9609
2506 1947
3831 2506
2506 5940
2506 1460
2506 9378
2506 3055
2506 4453
2506 6957
8481 2506
8057 7203
2506 5150
2506 6017
2506 6848
1301 2506
2506 5514
2506 2205
5481 3493
2506 2377
5843 5282
2506 6909
2506 8767
2506 1288
2506 7497
9421 2506
2506 2269
1487 3252
2506 3881
2506 7888
1199 2506
676 7451
2506 3232
5338 2909
2506 6569
531 4467
2506 3288
2506 5532
5015 2506
2506 2847
192 6566
2506 8359
2506 2596
2506 1538
2506 5742
2506 6220
9302 8448
2506 6000
4498 2506
7355 2506
2506 6843
2506 1914
2506 3781
2506 7279
2506 5062
2506 2036
2506 2514
2506 1310
2506 3256
2506 1337
5722 531
3984 620
9302 5606
2506 8394
6842 2506
2506 6483
2506 3043
2506 5652
2506 1709
2115 7
2506 7918
2506 9113
4645 9302
2506 4287
6249 2506
6326 2506
2506 5599
2506 3345
2506 673
2506 2636
2506 7217
2506 8672
2506 970
2506 5160
2506 3
2506 4602
205 2506
7789 2506
7724 2506
1549 8755
9302 1475
2506 1749
6709 2506
934 2506
9006 2506
3419 2506
8697 6452
2506 3953
2506 6358
2506 3120
2506 5027
2506 328
2506 6759
9302 9127
2506 9618
2506 9495
2506 9560
2506 2589
2130 8138
7810 2506
2506 1681
2506 5169
2506 2869
2506 4662
916 2393
7153 2506
2506 3375
2506 3886
2506 259
2506 6778
2506 7489
9302 8292
2506 5415
2333 2506
2506 3744
2506 4888
2506 9270
2783 2425
2506 7482
2506 5596
2506 3509
8314 8514
2791 2506
2506 677
2506 5423
2506 1943
181 2506
2506 8740
2506 9419
2506 7098
2506 4267
1836 2506
2866 8379
2506 7878
5357 6086
9302 7305
2506 6098
2506 6888
2506 4715
2506 4819
2506 398
2506 1644
2506 8429
2506 2665
2506 1249
9302 2689
2506 5379
2506 5227
2506 3349
2506 8339
824 2506
4380 2506
3680 2506
366 2506
9552 2506
2046 7736
5582 2506
2506 5046
2506 2491
9302 5391
4522 2506
2506 1478
2506 7477
2506 55
2506 7111
2506 990
2506 4193
2506 4650
1805 2506
2506 3228
8314 9009
796 1809
2506 8265
6030 9279
2506 4188
2506 6501
2303 2506
2506 5557
2506 5686
2150 2506
2506 7805
2506 3587
7606 2506
1781 1507
2506 6408
5798 8787
2506 2073
2506 3481
4004 9312
9302 7673
8944 2506
2506 2884
2506 1566
2506 1204
2506 6670
363 2506
676 6379
4753 2506
2506 777
2506 6530
2506 9318
5888 2506
2506 4416
2506 8653
8983 2697
2506 5569
742 2506
2506 5399
2506 861
2506 8084
2506 7487
1507 8975
2506 4760
6726 2506
3678 2506
2506 7324
9302 2328
2506 4466
1439 2506
2506 4181
2506 1953
6030 3887
2506 2096
2506 6873
2506 8225
2506 9556
2506 8208
2506 4295
1507 9095
2506 6854
2506 2035
2506 6311
8983 7062
2506 1820
2347 2506
4129 4512
9302 4497
2506 9207
8872 8196
2506 6014
5687 2506
4012 2506
3672 419
3152 7170
2506 660
2506 4347
2506 2412
7243 550
2506 1713
8939 2506
8318 2506
2506 1604
8307 2506
2265 2506
2506 3727
3894 1611
2506 220
2506 3512
2506 8447
2506 5093
7042 2506
3725 2506
2506 7780
2506 1131
531 7432
2506 8471
6950 1178
2506 5110
7468 9302
2506 6866
2506 9563
9302 8058
2963 2506
1274 6878
9302 7401
9067 9302
2506 5107
2506 4091
2506 6416
2506 3022
2506 6738
2506 8354
6186 6445
2506 1586
2506 1590
5827 2159
8642 2506
2506 9555
9374 878
5481 4898
2506 5317
7393 2506
2506 3029
9302 3373
2644 12
2506 6476
2506 5786
2506 469
2506 1989
2506 8933
8995 2506
2506 5235
9302 8771
2506 2014
3997 2506
9122 2506
2506 3724
2506 4569
2506 749
7935 2506
2506 8048
9548 5282
7211 2506
2506 6916
4544 2506
718 1881
9302 6184
1345 9302
2506 6676
2506 1964
2506 4851
2506 3925
2506 7257
2506 9010
2506 7698
2506 1500
2506 3854
3095 6679
2506 3541
997 7707
3001 2506
7973 2506
2506 5082
4566 2682
2506 5526
2506 9257
8300 2506
2506 2868
3141 2506
8452 2506
7516 2506
2506 1195
2644 1036
8513 6030
2506 105
2506 8140
2506 8692
2506 2637
2506 3273
2506 8376
7909 2506
241 2506
4566 8943
2506 7916
5635 1507
3616 5985
676 5065
2506 6207
2506 6372
2506 5435
2506 8420
6449 2506
2506 3113
2506 5473
752 4428
2506 4501
2506 4630
2506 4855
1639 3365
2506 9029
2506 3099
2506 3857
2506 7559
2506 6892
2506 4174
2506 4263
9598 6675
8412 4907
8778 2506
2506 5344
9302 8075
28 2506
1507 9321
2506 7648
2506 9468
9537 1017
2506 5721
2506 2322
2506 7312
8649 2506
2506 2362
2506 3027
2506 7726
2506 5056
7060 4667
1507 6036
2506 9158
867 2506
2506 4381
2506 3217
2506 1971
2506 6934
382 2506
8116 2506
399 2506
9093 2251
2506 8528
2506 1221
9302 6124
2506 1360
4785 5413
9165 4153
2506 7367
2506 8637
8413 2662
2183 702
9200 2506
2506 3026
2506 486
7762 2506
6132 1721
2506 409
1139 5477
2506 1852
2506 2345
2506 6340
8314 3463
2506 672
2506 5800
8983 8122
2506 1676
4566 2414
2506 8269
5476 2506
2506 3762
4785 3948
5481 2054
6950 2223
2506 7598
3684 2506
2115 4535
218 8724
2506 3983
2506 7235
2506 4737
2506 6918
4509 2506
2506 5597
9353 2506
2506 8948
2506 7286
4639 2506
2506 3840
3658 2506
2506 4902
551 2506
531 155
649 2506
2506 5976
2506 2029
3821 2506
2506 281
2506 5283
2506 7088
2506 9106
2823 8086
2506 4213
2506 5953
2506 5390
5194 6327
2506 5546
2506 9082
2506 9141
4566 4366
2506 153
8567 2506
2506 7975
2506 213
2506 8710
2506 2746
2506 3072
2506 1563
5481 8887
2542 2506
2506 7156
2506 7924
8267 7591
2506 8720
1096 5187
5798 7971
2506 2401
2506 2944
2506 2829
2506 2212
9302 3837
8684 9302
2506 146
1351 2506
2506 6414
2506 7056
5844 2506
2506 2045
9302 3836
7405 2506
9302 1735
2506 3347
2506 3853
2506 4460
2506 3462
2506 4184
2506 1571
2506 5588
2506 8073
2858 2506
2506 5698
2506 3603
2506 7933
1123 6018
2506 3626
9302 3884
1819 2506
1096 5609
2506 7134
4448 2506
3992 2506
4869 2506
8080 2506
7705 9001
4237 2447
6132 323
2506 5045
9302 7075
218 4143
2506 8175
2506 7458
2506 7899
9302 3642
2506 3004
8031 2506
2154 2506
8314 1479
2506 7642
1239 2506
3154 2506
5060 2506
2506 2742
2506 2346
2506 3440
2506 3020
4726 2506
2506 4724
2506 1677
9231 7440
2506 6571
2506 3913
2506 7718
8927 2506
2506 6051
2506 8996
2506 3819
603 2506
2506 7090
2506 6284
5244 2506
2506 5607
8718 8488
3630 2506
2506 472
2506 5176
3756 3365
4119 2506
2506 7931
597 2506
2506 29
9302 9551
7861 2506
775 2506
2506 27
2506 4137
3648 2506
2506 1919
2506 1013
2506 8209
2506 4276
2506 583
7226 3365
2506 6548
2506 6948
2506 955
2506 3401
2506 1214
2506 9292
2506 3487
2506 7208
8079 6204
2506 4963
2506 670
2506 2280
2506 8170
9537 9597
2506 2023
7210 2506
2506 624
5751 2506
2506 320
2506 8028
2506 8402
192 6684
2506 4600
2506 8784
3236 2506
2506 99
2506 991
2506 1319
8395 2506
2506 6433
1484 8896
2506 1097
8690 2506
2506 1557
114 9302
2506 2615
2506 1213
8946 2506
6132 5035
2506 4195
2506 2876
2506 9581
6328 2506
2506 5302
2506 8683
2506 1791
8983 8928
223 7875
2506 7255
2506 5246
6030 9502
9302 2787
6132 2809
9302 3009
2506 553
9302 7835
1197 2506
9302 6583
4637 2506
9302 5772
2506 3036
2506 7530
2506 2395
3325 2506
2506 1942
2506 4420
2506 7120
5990 6590
2506 1580
2850 2506
8524 2506
2506 2815
9280 7030
2506 3650
9302 3523
4785 5899
2764 2378
2506 888
2506 776
2506 2845
2506 8044
2506 9208
2506 3699
2506 118
9302 185
2506 2164
2506 4134
2506 4480
7068 6675
2506 4469
2506 7229
2506 8333
2506 5771
6011 2506
2506 7781
2506 547
2506 5968
4143 6950
2506 5232
9302 7041
2506 8347
2506 7072
2506 573
2506 6092
2506 3061
8785 2506
2506 3413
1669 2506
2506 4513
2506 7066
2506 8054
3960 2506
2506 1009
8314 8168
8419 7941
7239 2506
2506 4567
2506 4368
7619 2506
2506 5321
2506 1855
23 2506
1507 8884
2506 1321
2506 4576
2506 5267
2506 2174
916 1765
2115 2446
1096 2550
2506 1490
655 2998
2506 79
2506 9160
2506 5620
4132 2506
2506 1062
9302 1768
9517 2506
2506 8482
2506 3645
7109 2506
2506 5322
2506 826
5058 2506
3037 2506
2506 6274
2506 436
2805 2506
3094 531
6950 7388
3799 9302
2506 2908
2506 3611
2506 6890
7846 2506
2506 5360
2506 2855
2506 3285
2506 7949
2506 812
1047 2506
2506 4206
2506 3357
8314 4359
2506 1402
2506 4654
6922 2506
2506 4817
6132 1598
6030 3195
2506 1812
2506 1269
7595 1635
2506 8750
2506 2925
6319 478
922 2506
2506 132
2506 2580
2506 5660
2506 8370
9302 7344
2920 2506
2506 688
2506 1233
762 2506
2506 1625
2506 2188
2506 944
9181 2506
2506 1167
2506 6370
5835 2506
8983 6691
2130 7073
2506 3303
2506 7860
4483 2506
3399 9598
2506 1930
2506 8362
2506 2373
2506 8249
2506 5239
2506 507
2506 8719
165 7047
2506 9386
2506 4060
2506 1996
6151 8608
2506 2410
2506 860
2506 1374
5990 7363
2506 1104
2506 2323
2506 5963
2506 7782
2506 7745
2506 873
2506 3278
2506 8366
2506 84
2506 9614
2506 2058
2506 7159
2506 59
2506 6852
2506 4308
9302 889
2506 1940
8062 2506
2506 1687
2506 2021
8184 2506
2506 4780
2506 8340
2506 7155
5481 3850
2506 7167
2506 4270
2506 69
2506 2795
2506 5364
3216 2506
676 7263
2506 3137
2506 6572
2506 379
2506 8306
2506 5918
9302 8474
7097 1367
2506 6900
2506 6293
2506 5278
2734 2506
2506 3980
2506 8834
2506 9348
2506 9178
2506 3897
2506 7503
2506 451
5385 2506
2506 3958
2506 5219
2506 7479
2506 305
8428 2506
2506 1425
2506 1098
5836 2506
2506 6258
2506 2520
2506 4418
3221 2506
2506 2022
2506 2738
6968 2506
5334 9302
2506 6622
2506 6453
9302 1207
2506 1654
2506 2090
2506 1040
7252 2506
2506 6122
2506 9429
2506 9485
2506 9064
2506 7836
1011 3966
4785 2597
4088 2506
2506 2444
2506 3973
7543 9302
2506 8181
2506 126
9302 5681
2506 1403
9302 2524
2506 7560
2506 9144
9302 8398
2506 6231
2506 6844
2506 4953
9302 1198
4575 2506
3392 2506
3779 5194
2506 2138
2506 7376
2506 953
2506 3205
2506 2993
2506 3783
2506 6557
2506 3173
2506 2964
2506 9306
2506 6570
5372 3115
2506 6345
2506 6502
2506 2
2506 4678
2506 411
2774 3551
2506 115
2506 6817
9302 3391
2506 5315
2506 4214
3208 2506
2506 2508
2506 7094
2506 4407
8308 2506
2078 2506
2506 952
2506 5196
2506 7713
2506 4804
2506 1530
2506 1343
9065 6698
2506 1135
2506 3389
2506 3271
9302 589
1565 6950
2669 9302
2506 3077
2506 403
2506 1917
2506 2600
2506 8323
9447 2506
2506 9591
2506 1624
4924 9302
2506 3592
2506 4786
9302 1386
819 2506
2506 9008
2506 809
2506 8191
2506 4532
2506 1675
2506 4095
2506 5965
2506 694
2506 1347
2506 2827
2506 1649
6132 4730
3039 9302
9302 3927
4776 9302
2506 5158
5798 7725
2506 1743
2644 7732
2506 6389
7470 2506
2506 6339
8886 6981
2506 189
2506 8942
2506 8094
2506 4516
8983 2503
2506 9444
2506 8275
7124 2506
2506 2145
2506 9308
8621 2506
2506 2558
5911 2506
2506 5460
6950 7507
2506 2735
5737 2506
1883 2506
2115 3437
5396 2506
2506 3274
7655 2506
2506 2535
2506 6646
2506 2790
3920 2506
2506 1260
2506 3859
6132 3249
2506 376
2506 6191
8563 5282
2506 6411
2506 3042
9302 805
2506 4058
2506 38
2506 4363
2506 5932
2506 3206
2506 6523
4785 3691
4533 2506
2506 4101
2506 68
2506 8810
4816 2506
2506 2510
9259 2506
75 2506
2506 8743
2506 7365
2506 8411
2506 2275
3780 9302
585 9302
2260 2506
2506 5565
2506 377
2506 2270
8760 2506
2506 9364
4423 8314
8314 7955
2506 4655
2506 8759
2506 4525
2506 4202
980 2506
5220 2506
2506 8032
2506 6941
2506 608
8983 8033
2506 2844
2506 1702
8227 2506
2506 6218
771 2506
4849 6950
5 2506
2506 3224
5187 5609
2506 7793
2506 8529
1030 2506
5097 2506
2783 6004
2506 8612
2506 797
2506 8546
2506 1291
9302 9221
2506 1010
9302 9120
2506 1594
993 738
2506 3896
2506 9510
2506 5040
3644 2506
9104 2506
2506 3619
2506 268
2506 5713
2506 424
2506 5866
2506 4535
2506 6510
2506 2988
3858 2506
4566 350
2506 2813
2506 2570
1796 2506
2506 6176
3006 9302
6438 2506
4192 2506
4640 2389
7854 7318
1806 2506
2506 4596
2506 8172
2506 5188
2506 4946
2506 711
2506 9359
4143 2819
1229 2506
1719 2506
2506 5755
2506 76
6989 2506
2506 5339
2506 9571
2506 1692
2506 8520
6538 1123
2506 5992
4323 3667
2506 6025
2506 6964
2506 9077
2506 4066
2506 5752
2506 908
7843 2506
9231 338
2506 7287
3616 2594
2506 7832
2506 1606
2506 3998
2506 3956
9062 8886
2506 2369
2506 1281
4038 3142
2506 4434
2506 7284
2506 5547
2506 2229
2506 1090
2506 4382
2506 8003
2115 7722
2506 5978
2506 6559
5798 2599
9302 2028
2506 1398
2506 2616
5990 3469
2506 2677
1816 2506
2506 5848
2506 1927
6908 2506
2506 3940
2506 7219
2506 4209
8413 1983
1125 2506
2506 7658
2506 31
3420 2506
2506 228
2506 6595
2506 6217
2506 8909
2448 2506
2506 3908
8550 2506
2506 1798
2506 2502
2506 3313
2506 5765
2506 2364
8630 2506
2506 1300
2506 3183
162 2506
3778 960
6950 2707
2506 8493
2506 7803
2506 3957
6726 5272
2506 8636
2506 2931
2506 8805
2506 5359
1079 2506
7483 2506
2506 4547
2506 2152
2506 5497
9302 5018
6950 1393
1484 8186
2506 9110
4129 3682
4341 3011
2506 3535
2506 4064
2506 4049
2506 6987
3984 2657
2506 1575
531 6618
2465 2506
6030 2037
4748 8155
2506 6579
2506 671
5099 2506
2506 5519
4785 7554
8868 2506
9302 9129
3010 2506
2506 1873
4609 2506
9231 2092
2506 3050
2506 5494
2506 8652
2506 2741
2506 4603
2506 4933
2506 2005
2299 2506
2506 3402
2506 4017
3701 4207
2506 1867
2506 9068
2506 1999
7521 8440
156 8314
2506 2595
2506 5961
2506 7083
2506 8716
2506 3917
2506 5930
2506 62
2836 2506
7717 6042
6562 2506
2506 9011
2709 2506
2506 3589
2506 6108
2506 6277
5766 2506
2506 5393
2506 2131
5245 2769
2506 8157
2506 6351
2506 12
2506 7093
1507 1892
5194 7662
2506 2483
2506 9625
2506 5873
3686 9302
2506 2079
6823 2506
2506 2912
8278 8139
6163 3717
8053 9302
2506 5211
2506 7556
9484 5481
2506 6520
2506 536
7580 2506
2506 2013
2506 7956
2506 8660
2506 7195
2506 4591
8439 3005
2506 503
2506 1783
2506 4805
9537 5538
9302 7581
2506 9109
6155 2873
8957 2506
6732 4341
2506 734
2506 7672
2506 3867
2506 1220
3355 2506
8215 2506
2506 6737
6726 4129
8488 2916
2506 416
4580 3693
6113 2506
2506 3298
4566 9045
2506 7746
6030 4352
2506 9091
2506 6521
2506 969
2506 4329
9025 3667
2506 7900
85 2506
359 2506
2506 3618
2506 1614
2506 1002
2506 9356
2506 4612
2506 5231
2506 5769
2801 2506
2506 3705
2506 689
4301 2506
2506 8840
2506 9390
2506 8293
2506 5240
6039 2506
2506 3681
2506 4961
8161 2506
2506 4551
2506 2750
2506 3171
9302 9623
2506 481
8825 335
3921 2506
2506 7693
2506 8521
2507 7071
8744 47
2506 8240
2506 396
2506 533
2506 2945
300 2506
3798 2506
2506 3513
2506 8397
7071 401
2506 6706
2506 7881
2506 8786
2506 984
2506 7220
2506 6812
2506 3828
2506 4065
2506 5419
2506 2666
2506 4886
6505 9302
8983 4220
2506 1411
2506 7328
2506 4521
2506 5156
2506 497
2506 6959
5054 2506
2506 2113
531 203
2506 5624
2506 5330
2506 4791
7697 2506
2506 2404
2506 2074
2506 1541
2506 5451
8721 2506
4892 2506
2506 5348
8128 7097
2506 1259
2506 8613
2506 6045
3683 5574
2506 4665
2506 6069
2506 4920
2506 723
2506 3150
2506 3279
3930 2506
2506 7490
2506 178
2506 6966
8983 1391
2506 5554
2506 2396
2506 5996
4033 2506
6507 9119
4768 5553
8542 5069
2506 9509
2506 6088
2506 1070
1123 1859
2506 4055
2506 5268
2506 7206
9302 4061
4216 2506
5358 423
2506 2668
6132 8994
2506 1241
2506 1634
2506 7788
2506 4687
6553 2506
2506 6721
2506 6085
2506 5368
7822 5924
6030 8023
7441 2506
3235 2506
2506 6963
2506 2676
1507 8738
2506 6972
2506 3090
2506 214
2506 9205
2506 515
3307 2506
3095 2506
2506 7786
7087 2009
6221 2506
6030 9103
9302 3946
2506 8320
2506 6885
2506 8846
2506 1148
5194 7716
2506 4398
2506 1216
2506 8839
2506 5425
2506 7586
1359 2506
1184 2506
2506 1551
2506 4540
222 2506
4143 531
2506 4657
2506 7774
6726 5282
2506 1797
7438 2506
2506 7966
7521 5521
2506 1320
2506 4351
2506 9197
2506 6782
2506 1193
7699 2506
2506 269
158 1236
2783 6868
2506 3182
2506 517
2506 6456
7915 2506
2506 3207
8230 2506
2506 6054
4232 9302
3539 2506
2506 6756
1983 2506
2506 4929
2506 6649
2506 6067
9102 3976
4083 2506
2506 2327
2506 1984
2506 1052
2506 5072
2506 7037
2506 9396
2506 5743
2506 1993
2506 8541
2506 8400
2506 9529
2506 5139
6132 2733
9302 2239
4008 2594
9302 7410
2506 5993
2506 7138
2506 8814
2506 6686
2439 2506
2506 4227
3296 2506
2793 2506
2506 3434
2506 1546
6538 7934
2506 7960
4738 2506
2506 3537
2506 6012
2506 4515
2506 3460
2506 8961
6637 9302
780 2506
7325 2506
2506 5024
8886 4586
2506 8836
2506 3263
9162 5905
2506 7991
8764 2506
402 8314
2506 6508
2506 5685
6849 2506
2506 4877
2506 4727
5052 2506
2506 9413
2506 9209
8688 2290
2506 1434
5357 2506
2506 9532
6518 2506
2506 6995
2506 2461
2506 8747
2506 5183
2506 3635
2506 8959
2506 7446
2506 2568
2506 6472
2506 9081
2506 5675
6740 4106
2506 6367
2506 3415
864 9302
2506 3179
2506 6172
4048 2506
1507 4728
2506 3056
4837 2506
6550 9302
2506 7743
6789 9302
2506 8063
2506 4386
2506 9474
3109 5194
2506 6053
2506 5958
2506 4560
2506 2370
2506 6029
531 8280
2506 6636
2506 3677
2506 249
6159 2506
2506 8005
6950 2257
2506 8854
2506 4700
8804 9302
3143 2506
2506 1237
2506 1201
2506 3655
8314 7141
2506 1968
2506 8596
9617 2506
9316 2506
2506 6365
8480 2506
4633 2506
2506 6007
2506 2157
2506 4176
676 4346
2506 8071
2506 5301
9071 2506
916 243
685 2506
6766 2506
5880 2506
2506 3825
9096 2506
4015 2506
2506 9602
2506 6199
4005 8744
4900 2506
9302 3133
2506 8620
2506 2088
2506 1489
2506 6815
2506 785
2506 913
2506 7702
2506 7596
2506 2332
2506 1753
4909 2506
1340 2506
8305 2506
2506 4581
8314 4674
4154 2506
6132 8422
4379 2506
2506 7121
2506 8110
2506 8918
8314 6244
9302 9330
2506 1447
2506 2376
758 2506
2506 4244
2506 862
2506 7330
2506 4644
2506 744
4643 2506
2506 556
2506 9210
997 8046
2506 2466
6950 4514
3938 2506
2506 2216
5767 4754
701 2506
2506 5831
2506 3018
2506 2888
9302 2633
2506 5022
2506 8255
3536 2506
2506 8173
2506 6038
244 2506
2506 1742
2506 7545
394 2506
8314 6060
2148 2506
9454 2506
2506 7652
2506 4660
9302 2027
2506 7435
2506 4339
2506 2560
9302 9188
2506 2258
2506 696
2506 8934
2506 7396
2506 8676
2506 4558
940 2506
917 9302
2506 2441
2506 7303
2506 2614
2506 2578
2506 8070
2506 2957
2506 3031
2506 1885
9302 6836
2506 282
2506 1636
5537 7517
2506 1758
2506 3360
2506 186
2506 6445
531 404
2506 8131
2506 8622
9302 838
2506 6958
2506 3743
2506 3774
9302 1923
9302 5858
6962 2506
8314 7450
2506 6795
2506 8761
2506 7551
1786 2506
6210 2506
2506 3572
2506 9021
647 2506
2506 6371
2506 2341
936 2340
2506 5952
2506 5729
2506 8213
2506 1406
9302 1790
2506 2881
1932 2506
2644 2947
2506 4130
5753 1041
2506 1416
8314 3383
6950 9060
2506 7417
2506 4281
2506 3969
1772 1881
2506 6712
2506 3352
7350 9302
2506 9063
2506 3978
4793 2506
6511 2506
2506 3617
2506 2083
2506 1888
2506 4070
2506 4016
2506 2924
2506 1974
6655 9302
8779 2506
5672 2506
6132 2525
2506 1196
2506 7996
9269 7548
2506 4536
2506 8665
3476 7461
2506 1958
2506 1787
6002 2506
2506 2470
2506 9412
531 2382
5132 2506
9302 6862
2506 7953
2506 1222
2506 3051
3502 2506
2506 111
2506 1581
2506 3746
9457 2506
5398 2506
2506 3800
2506 125
2506 9309
2506 4305
2506 557
5740 2506
495 9302
2506 5325
4297 8274
4131 2506
2506 7486
2506 1170
4283 6030
2506 6600
2506 2896
1084 2506
6030 8556
3507 2506
3900 2506
2506 1441
2506 3284
2506 4845
8128 7994
6971 2506
2506 2792
9302 8120
3254 9302
2930 2930
2506 5192
2506 3889
2506 8002
2506 67
2506 6943
2506 9443
1046 2506
2506 3491
2484 2506
5842 2506
5481 7170
9302 2104
2506 5934
2506 4663
494 2506
2506 5590
6965 2506
2101 9302
2506 4371
5867 2506
2506 1647
9407 6507
2506 7688
6726 9609
2506 2934
8817 2506
6653 1784
7020 2506
2506 8487
6308 9584
2506 9017
5009 2506
2506 5937
7717 8923
2506 1714
2506 2468
2506 3975
2506 4949
2506 9186
2506 7785
7231 2506
9302 5984
2506 1400
2506 94
4151 2506
2506 5633
2506 569
2506 7227
9537 4252
2506 648
2506 6179
2506 6807
2506 1605
2506 8375
2506 6905
2506 6162
2506 2166
9302 5294
9302 7776
2506 5376
2506 7126
2506 5513
2506 383
4923 2506
2506 941
2506 3564
2506 3327
2506 887
2506 5053
2506 7089
2506 6882
2506 5291
2506 204
2506 1372
3547 2506
7358 2506
2506 6409
964 2506
2506 1349
2506 8299
2506 4496
2506 9233
2506 5218
2506 6202
2506 7571
2506 9295
2506 4517
2506 7375
9302 8475
3667 8937
2506 9534
2506 6094
2506 1446
9302 7299
2506 6996
2506 7883
2506 8153
7333 2506
2506 5407
8744 7135
2506 6992
5798 8990
5194 460
4037 2506
9302 8875
6186 2455
9302 3397
2506 5333
2506 9440
2506 1972
531 1877
2506 5263
2506 8895
5120 2506
4785 7577
2506 2249
4642 2506
8983 2907
8413 4943
2506 5602
2506 6139
2506 5091
2506 7492
2506 7213
2506 4873
531 2548
2228 2506
2506 7495
9000 2506
9302 1718
4938 2506
2506 8043
2506 8584
2506 5642
2506 8885
2506 8593
7369 9302
2506 2902
997 546
2506 5274
2506 251
2506 6809
2506 9377
2506 9223
2506 2769
2506 7823
2506 4598
2531 2506
8413 2076
9302 5004
7880 5282
3667 6969
2506 9247
2506 4769
2506 8753
2506 3786
2506 690
8595 2506
2506 3012
2506 7809
7114 739
2506 7554
2506 3255
2506 2353
8278 4770
655 2506
2506 3341
2506 7149
2506 8610
9302 8406
7909 211
2506 6006
2506 759
2506 6412
2506 3715
5483 2506
2644 2923
9302 1462
2506 7185
9302 73
6398 2506
9302 5887
8314 2295
5876 2506
2506 131
2506 2901
2506 3483
2506 2875
2506 801
2506 687
2506 7055
853 2506
9433 531
2506 1853
2506 7942
2506 3729
2506 6982
163 2506
2506 6665
2506 8776
2506 7470
2506 7340
2704 2506
480 7904
2506 6532
2506 8902
2506 6463
2506 8551
2506 2972
2506 2209
8872 7388
2506 1417
2506 6822
2506 2388
2506 9451
5282 4577
2506 3972
2506 9530
2506 3454
2506 6748
2506 6504
2506 4191
6049 2506
7804 9302
9315 2506
6132 1473
2506 4550
3194 2506
6163 1695
2506 2480
2506 1658
2506 8222
6898 2506
2506 1524
2506 5540
2506 1689
2506 270
2506 172
6186 5441
2506 7466
2506 6970
2506 5340
2506 6503
2506 5057
192 1556
3616 7067
2506 2248
520 2506
2506 4310
1507 3071
9302 2760
3260 3616
2506 7493
5637 2506
7579 2506
665 2506
2506 5223
4177 2506
9302 148
916 8322
9059 2448
2506 4071
2506 735
421 2506
3346 4688
2506 627
9302 6788
1890 9302
2506 9324
2506 6639
2506 7076
2506 4133
2506 3596
2506 9042
2644 7163
2506 4994
2506 1076
2506 4014
2506 816
2506 4433
4345 2506
2506 306
2506 9487
2506 7864
2506 8407
7602 6950
2506 151
9212 7705
7600 9302
2506 2007
2506 3122
1274 5194
2506 6749
1458 2506
3331 2506
2506 6035
2506 4747
2506 7106
2506 500
2506 3753
2506 327
2506 465
2506 4096
2506 1511
2506 8903
2506 7570
2506 7902
2883 2506
2506 258
2506 8775
1617 2506
2506 4559
2506 3156
2506 6919
2506 9048
2506 1561
2914 2506
2506 5142
2506 5560
8194 531
9302 289
2506 9461
2506 996
2506 1705
2506 7542
2506 5386
2506 1869
2506 7611
2506 942
2506 6428
2506 2576
3639 3721
2506 9588
9302 4840
2506 1829
2506 2999
9302 5926
4397 8886
2506 5213
2506 3549
9302 9522
2930 5180
2506 5147
2506 4435
2506 2680
2506 8405
3158 2506
2506 3770
2506 6818
2506 5589
2506 4828
190 7343
2506 7508
2506 4852
2506 4108
1837 2506
2506 8309
2506 7016
2506 3538
2506 6648
2506 3414
2506 5109
2506 8180
9302 2284
4566 5841
2506 9397
5753 2807
2506 3768
2506 7755
2506 829
2506 4593
7069 2506
2506 594
2506 1440
9302 1035
4125 2506
4935 2506
2506 5785
4785 2075
2506 6168
2506 5429
2506 4385
6186 3988
9302 4549
2506 7669
2506 2238
2506 7950
2506 4613
2506 9513
9302 698
2506 149
9302 2102
2506 5032
8748 2506
2506 6040
2506 1429
2506 6780
2506 6439
2506 8911
2506 2889
651 2506
2446 8697
2506 8832
3667 3589
2506 1435
2506 7077
2506 7800
2506 8890
1227 2506
2506 5759
2506 2464
1061 2506
2506 7095
531 3260
2506 479
2506 8321
4874 2506
2506 1001
9302 3772
3783 2506
2506 1242
1899 1484
2506 6549
2506 8453
2506 3659
531 8412
2506 6491
8731 2506
2506 8617
8983 590
3672 2506
2774 9504
2506 9506
2506 9518
6030 1690
2506 6334
2506 844
2506 4664
2506 7413
2506 6059
4583 2506
2506 6806
2506 4631
2506 8206
681 2506
4785 180
3719 2506
440 2506
6976 2506
9302 6254
2506 2227
9211 2506
2506 7853
7190 2783
2506 5648
2506 1986
2506 7035
4811 2506
9002 2506
2506 4921
2848 2506
6653 5990
2506 1234
2506 3964
8983 3563
2117 1809
2506 1845
2506 2112
2644 3901
5654 2506
8886 9589
2506 5725
2506 8552
2506 574
2506 5064
2506 8904
2506 9450
2506 4343
2506 1552
8897 2506
2506 1285
7723 2506
2506 3996
2506 9327
2506 6324
967 2506
8128 4716
2506 8087
2506 2107
1430 2506
2506 1154
2506 3818
2506 1659
2506 9111
5581 2506
6132 2765
2506 9043
8495 4143
2506 8372
5282 8607
2506 5175
2506 6630
2506 972
8976 2506
2506 6432
2506 1263
3651 1596
1884 9302
9302 7987
2506 8881
1569 8744
2506 3172
2506 9115
2506 6930
2506 257
9302 8559
5295 2506
2506 8752
2506 7641
1763 2506
2506 164
9302 7038
2506 2460
2506 8835
8953 419
2810 2506
8886 704
2506 2317
1185 2506
5798 6081
6132 5329
6298 2506
2506 89
2506 4383
3411 4890
2506 6497
3155 9302
6296 2506
2506 1268
7321 2506
7812 7734
2506 9564
9302 5673
2506 4967
2506 3083
4785 8059
2506 935
2506 4573
2506 6713
2506 8496
2506 9097
2506 1576
2506 5123
739 2448
2506 9422
2904 2506
2506 1155
9302 8349
2506 4147
2506 6672
7033 2506
676 8857
2506 5374
2506 2344
2506 2675
2506 795
2506 8508
2506 3247
2506 7151
2506 8666
9231 318
7317 2506
2506 7838
8314 6206
2506 6101
9302 46
2506 1352
2506 9627
2506 9267
2506 7116
9302 6577
3234 1486
2506 3914
2506 5801
2506 3281
5955 7909
6030 3330
2506 7796
2887 2506
3492 9302
2506 3484
2506 4169
2506 7488
9302 2723
2506 5345
2506 1064
4007 2506
2506 9163
2506 3986
2506 7023
1163 2506
2506 8803
2506 782
9059 1096
6132 6682
3795 140
5154 2506
2506 3776
2506 2871
2506 8020
2506 2449
541 2506
2506 2471
2506 2392
8057 3315
2506 6796
2506 948
2506 313
2506 5170
2506 9202
2506 1938
2506 8777
2506 3343
2506 7232
2506 9388
2506 6845
2506 3888
4683 2506
8314 2381
2506 7626
2506 360
2506 9586
2506 8187
2506 1008
3942 9302
2506 1450
1334 2506
2506 2059
9302 9235
2506 417
2506 8518
525 2506
9231 765
2506 5128
2506 5153
7329 2506
2506 7164
2506 326
2506 6708
8088 7917
2506 9498
2506 4523
2506 5613
2506 4702
2506 5261
2506 7197
8390 2506
2506 6769
2273 1507
2852 2506
7025 2506
9302 7131
2506 2418
2506 6415
2506 2518
1529 9302
2506 193
2506 9100
9302 4801
1095 2050
9302 284
2506 5259
1686 8983
2506 8334
7848 2506
2506 6654
2506 6761
8413 7240
2506 3066
2506 1941
2506 25
695 2506
2506 4277
4047 2506
2506 4372
423 4207
1850 2506
2506 1685
9302 3726
2506 2242
2506 1151
2506 8497
2506 5464
2506 4691
7703 2506
2360 2506
2506 6209
2506 1029
2506 7657
505 2506
2506 658
2506 3501
2506 8768
2506 2534
2506 6864
3601 636
8853 2506
2783 8651
2506 8824
8495 1124
4117 425
2506 818
2506 9148
2506 549
2506 5432
2506 5988
2506 4587
2506 5638
3616 9352
2506 2003
2314 5795
2506 1902
195 9302
2506 4710
2506 6668
2506 6674
2506 8122
5585 2506
244 2774
2506 6560
5098 2506
9302 5847
2506 4685
4473 2506
2506 7455
4785 6715
1138 2506
2506 7394
2506 8458
7507 7546
9302 2853
2506 4543
4748 6546
531 9479
8717 1123
2506 1087
2506 7802
2506 2433
2506 2175
2506 9200
2506 4537
9302 8701
2506 5489
5955 2670
2506 4290
2506 9543
676 8164
2506 7907
2506 8869
9302 8958
4572 2506
9302 858
2506 4669
8886 2940
2506 5783
2506 7531
3984 4763
8679 2506
1875 2506
8983 8864
2506 8582
2506 4401
2506 8906
2506 6265
2506 8258
2506 3272
4143 8514
1274 4331
612 2506
2506 5656
9302 133
2506 7048
2506 3955
2506 1937
6307 2506
6163 7218
2506 4342
2506 961
3449 2506
2506 1067
2506 3144
3766 2506
2506 1270
2506 4594
2506 6984
2506 1970
2506 7687
2506 9505
2506 6754
4478 2506
2506 8469
2506 9338
9102 9302
3520 2506
2506 6462
2506 3643
7426 7132
1145 2506
4997 2506
2506 5512
8314 6933
2506 7747
9302 8862
2506 3379
2506 4538
2506 3514
2506 2583
9302 8802
916 143
5782 2506
2506 9085
2506 9435
7407 2506
2506 7756
6132 8988
2506 5127
4237 8279
5980 2506
2506 2231
718 7244
2506 877
2506 4572
676 6840
2506 7322
6041 2506
6030 6816
8912 2247
2506 3176
2506 2366
2506 2582
2506 3962
6726 4768
260 2506
8888 2506
2506 2025
2506 6993
2506 4794
2506 6171
2506 3160
2574 2506
2613 2506
2506 605
2506 6373
2506 5103
6507 6831
2506 63
2506 1716
8886 892
2506 7498
2506 1191
2506 6256
2506 8426
763 2506
2506 3280
2506 321
2506 2289
2506 9333
2506 3289
774 9302
6163 8262
4990 3994
2176 2506
2506 9521
2644 6955
2506 367
2506 3045
5498 2506
2506 3069
6481 2506
2506 7074
2506 1951
6030 5711
2195 2506
2506 6757
1507 6291
7036 2506
2506 8135
2506 8052
2506 2452
2506 7306
2506 5796
2506 6239
4566 9630
9302 2127
2506 5044
2506 6342
2506 6260
4484 2506
5216 2644
2506 3495
2506 4733
3222 2506
2506 7354
9140 2506
2506 4531
2506 8132
7608 2506
2506 7557
2819 5311
2506 5316
2506 147
2506 6400
3999 2506
2506 5249
6888 2506
2506 8725
8491 2506
2506 3809
2506 3494
2506 4254
2506 6193
2506 5657
2506 2667
2506 7302
2506 4465
7871 1096
2506 2031
2506 6024
2506 4475
2506 7188
2506 5225
2506 4765
9302 1973
7958 2506
2506 2756
2506 3638
2506 5279
2506 3431
6182 531
2506 1455
2506 3740
4111 3475
9302 1363
2506 9217
2506 567
6030 5577
6904 2506
2506 8808
8463 2506
750 2506
6899 2506
2506 5727
3616 6536
9452 9302
1507 8757
4785 4109
9277 2506
6534 2506
2644 4740
2506 3024
2755 2506
2966 752
2506 5702
531 8289
2506 9078
2506 3126
2506 6865
2506 5901
2506 6728
2506 7019
2506 8365
2506 1369
2506 1027
2506 1189
2506 3911
2506 9133
2506 4077
4785 2155
8128 5807
2506 1657
4239 4688
2506 4197
2506 4123
6950 371
9302 836
2506 4104
2506 96
2506 6469
2506 4853
2506 8416
2506 3569
6427 2506
2506 989
2506 6134
7336 2506
2506 8228
2506 3812
4566 9056
2506 1841
9442 2506
2506 7604
107 2448
4245 6773
9465 2506
2506 4762
2506 7681
2506 4626
2340 2664
2506 8169
2506 1720
2019 2506
6066 9302
2506 4051
2506 77
2506 1283
2506 7558
2506 5823
2506 3267
7501 2506
8016 4807
2506 1833
2897 2506
2506 7954
2506 5488
2506 9176
2506 1286
2506 9472
3796 3883
2506 3323
2506 332
2506 6696
2506 9177
2506 9157
7469 2506
2506 1457
6575 2506
2506 9570
61 2506
1082 2506
9380 2506
2506 8545
936 2823
2506 2082
2506 4772
6895 2506
7667 2506
5758 2506
2506 3177
2506 1982
2506 8735
2506 3269
2506 3622
9302 2978
2506 8182
2506 4802
2506 6482
2506 8866
2506 5149
4785 5869
2783 1584
2506 6280
2506 2918
3226 7326
2506 5640
2506 6978
4611 7327
9261 2506
747 2506
2506 6150
2506 1492
2506 5805
8543 5533
2506 7865
2506 2044
2506 1764
4507 2506
2506 1128
8983 1113
3324 2506
2506 1579
8105 2506
2506 6467
2506 8295
2506 3805
2506 7787
2506 1518
2506 2603
2506 3751
2506 8602
2506 7625
3340 2506
5189 3929
2506 9297
2506 8218
2506 8401
6507 7624
2506 890
2506 3250
4415 2506
2506 3060
2506 3121
7871 8259
2506 6390
2506 5438
2506 7391
5763 2506
9551 2506
1415 2506
9302 2706
2506 5284
2506 2313
2314 2254
7993 8413
2506 3125
2506 2772
3302 1096
7325 1507
2506 4187
2506 3076
2506 4563
2506 8982
2506 6103
7292 2506
4566 6563
2506 4810
2506 461
2506 1542
2506 1065
2506 3180
2506 3028
2506 1553
2506 6154
9302 7320
3984 5179
2506 3079
2506 2773
8163 2506
2506 1112
2506 8335
2506 9265
2506 7366
3945 2506
2506 3033
2506 5424
2506 8088
9302 902
2506 5124
2660 2506
4785 2153
2506 7031
2506 5804
2506 390
2506 7670
2506 4387
6030 7471
2506 7685
2506 4684
8128 9403
2506 4914
6163 6005
9302 6245
9577 2506
2506 6474
9093 1809
4785 3339
1419 2506
2506 1572
2506 9016
2634 1665
8278 4951
2506 8389
15 3835
2506 9049
2506 1327
9404 9302
2506 3916
2506 4074
3095 7343
359 3237
2506 8656
2506 3404
8983 9527
2506 2232
2506 5616
6764 6030
2506 5081
7236 2506
2506 1608
5155 2506
2506 5043
2506 3428
2506 7063
5990 8467
2506 8614
2644 7464
2506 4042
2506 2936
8877 2506
6347 9302
2506 6200
2506 530
2506 8655
2506 7276
8576 2506
2506 41
2506 3300
2506 3017
7342 2506
6588 9302
8282 960
4746 2506
2506 50
2148 4795
2506 124
2506 3165
2506 3215
2506 8165
2506 314
5320 1784
3035 2506
9302 4432
6146 7692
2506 9511
2506 452
2506 2714
5143 2506
2506 1864
2142 2506
2506 9310
2506 5310
2977 2506
2506 8337
9302 3152
2506 1540
729 2506
2506 8271
2506 2678
2506 7535
2506 1409
2506 3062
2506 5738
5525 2506
8368 2506
2506 686
4046 2506
2506 6211
2506 4962
2506 273
2506 823
2506 6464
5653 1831
2506 6403
2644 5352
2644 6633
5549 2506
2506 5472
5708 2506
2506 2213
2506 7666
2506 5663
4335 2506
2506 2831
2506 7092
4781 2506
9302 1244
2506 287
2506 3588
4768 5541
2506 2293
2506 7318
2506 7906
2506 7319
3095 9339
3984 2863
2506 2428
2224 2506
2506 5916
1066 2506
976 2506
2506 2398
2506 5193
2506 930
2506 9582
2506 5177
2506 182
2506 4882
2506 679
2506 8202
2506 5143
2506 6048
2506 7065
1096 6373
5798 8950
2506 9289
5296 2506
5705 2506
2506 921
4242 9302
2506 1723
4122 2506
3636 2446
2506 1045
276 531
2644 3370
2506 7550
8983 637
2506 3974
5016 2506
9231 4693
2506 9629
3175 2506
2506 3231
2506 2203
2506 5695
1413 3476
2506 5678
2506 4455
2506 1528
8283 1115
6132 6671
2506 9382
2506 7485
2506 8837
2506 8364
2506 4107
2506 7661
8413 6279
2506 9612
2506 1694
2506 6257
4808 2506
2506 5724
2506 3567
1230 2506
2506 5697
8056 2506
6590 1072
2506 5630
4860 8072
4766 2506
2506 8686
2506 1390
3912 9430
4002 7919
4546 2506
9302 8185
9302 4925
8825 1507
633 2506
2506 2705
2506 5690
2506 8780
8314 1824
2506 5199
2982 2506
2506 8147
2506 7710
2506 1316
8663 9302
2506 5075
4038 9343
2506 1366
5136 2506
2506 8148
2506 9420
9302 741
2506 7445
2506 9613
2506 4686
2506 896
2506 5999
2506 6364
7587 2506
2506 7064
2506 240
4767 2506
5481 9065
2506 7737
2506 8207
2506 4229
2506 3371
2506 571
2506 9566
8065 2506
2506 3189
9484 2506
3873 2506
3218 2506
2702 2506
2506 8938
2506 6107
2506 8501
2506 7378
8237 7734
8417 2506
5877 1007
2506 9624
2506 5856
2653 2506
2506 8270
2506 1775
2506 3112
2506 8111
2506 6711
9537 3511
8495 6377
9038 5850
2506 951
2506 6126
2506 6321
2506 4708
5377 2506
2506 3358
2837 2506
2506 6312
2506 8910
2225 2506
3593 1881
2506 5037
2506 793
3796 6664
2506 7712
7635 1651
2506 1889
2506 4616
3653 2506
2506 2694
2506 519
2506 652
2506 489
2506 7091
2506 8766
2506 3073
2506 7645
2506 8457
2506 714
2506 447
2506 9399
1194 2506
2506 1107
9269 1803
9302 2549
2506 4889
2506 4258
2506 4789
2506 8924
4986 9302
9302 4605
4038 8566
6056 2506
2506 6424
3905 2506
2506 8387
2506 1254
4494 5481
2506 8014
3095 9302
2506 1326
2506 8119
2506 13
2506 1463
221 2506
2506 6985
8886 6677
2506 159
8886 7828
2506 511
2506 1006
9302 3002
2506 7475
9302 9125
2506 8248
9302 683
5619 2506
2506 4834
2506 779
2506 2140
8886 9376
2506 7000
2506 4173
1739 6685
2506 2547
1093 2506
8642 7030
2506 1333
2506 8989
2506 4829
8894 2049
2506 7034
9302 2821
2506 8845
2506 215
9302 8711
2506 4954
2506 1522
9302 7607
2506 3860
2506 6624
9537 8117
2823 9459
2506 5809
2506 7184
2250 2506
2506 6645
2506 9019
2506 9418
2506 7161
2506 5198
2506 1183
1049 2506
2506 6661
2506 8510
6132 7684
2506 1802
2506 8486
2506 5427
2506 3970
2506 2467
2506 3117
2506 4185
2506 4649
2506 4992
2506 9416
4422 2506
7509 2506
2506 6401
2506 923
2506 3663
6030 7193
2506 5516
5461 2506
2506 145
2506 9336
2506 6935
2506 1762
2506 8251
2506 5935
2506 4035
4230 2506
2506 7758
2506 7160
3623 2506
3995 2506
2506 3517
2506 5668
3718 2506
2506 1007
2506 8239
2506 9072
2506 6722
2506 349
531 5632
6515 2506
307 2506
2506 1691
2506 3568
3365 6725
3893 2506
2617 2506
2506 5535
2506 1335
4004 561
2506 2587
7081 9302
6042 2506
2506 1936
2506 7289
2506 2063
2506 1704
2506 907
2506 839
3258 2506
6272 9302
2506 6289
2506 8325
6599 83
2034 2506
2506 4528
2506 7196
2506 311
4116 9302
2506 8432
2302 2506
2506 8437
3647 9302
2506 9516
7517 8292
5245 3483
6675 2506
2506 5452
1944 2506
5956 2506
2506 6620
2506 1032
2506 4200
2506 3376
5623 2506
2506 201
2782 2823
2506 7296
2506 1900
2506 8822
7200 2506
2506 4135
8701 607
2506 2533
9302 1650
2505 2506
2506 1331
2506 7263
5122 2506
684 2506
2506 8974
2506 1525
8314 5286
2506 8643
2506 4895
2506 3877
2898 8758
2506 1874
2506 3987
2506 8691
2506 333
646 2506
2506 4140
15 7582
6656 78
3667 3922
9302 2121
1646 2506
2506 1711
2506 6072
2506 2039
2506 5776
2819 5650
2506 431
3097 2506
2506 3820
2506 5628
2506 9323
1123 3477
8821 2506
2506 3533
2506 370
1057 1862
7397 2506
2506 8774
2506 761
1371 6030
2506 1058
2506 4901
2506 2749
2506 617
2506 1100
2506 720
2506 4040
2506 1601
2506 4039
7593 2506
2506 2959
2621 2506
558 2506
2506 3604
2506 3950
2506 2812
2506 2601
2506 562
2506 6695
8870 9302
2506 2263
2506 9335
2506 1703
8118 9302
2156 2506
3411 501
2506 2727
2506 5262
2506 487
2506 1211
9547 3314
2506 8246
4651 2506
2506 8795
2506 8498
8211 2506
2506 9032
2506 8024
8237 5092
2432 9302
3365 5241
7294 2506
2506 6853
2506 4659
343 2506
2506 1314
2506 6949
2506 4965
7753 2506
2506 6295
2506 2475
8068 2506
2506 3707
2506 7361
2506 5661
2506 6434
2585 2506
8459 2506
2506 4183
2506 191
4129 1110
2506 4823
2506 4110
2506 5479
2506 8791
2506 8386
2506 3080
2506 1293
9302 7877
2506 7820
2506 4384
9234 2506
2506 3508
2506 5787
2506 2501
8983 2095
2318 2506
2506 358
2506 3470
2506 3580
2506 5960
2506 9409
6950 2647
2506 9497
2506 2803
6857 2506
4916 2506
72 2049
2506 6332
2506 5159
2718 2506
5816 4681
2506 4219
2506 2144
8413 817
6947 2226
5354 2506
2506 3153
2506 4548
8648 2506
2506 8410
2506 1752
2506 8468
9088 2506
2506 6938
2506 9311
2506 542
2506 7373
9128 2506
7529 2506
8712 2506
2371 2506
3319 2506
2506 1870
2506 5217
2506 5285
2506 2071
2506 3241
2506 5688
2506 8363
8624 2506
2506 6614
3374 9302
2506 4450
2506 104
2506 4606
2506 2018
2506 592
2506 4477
6186 5056
5382 2506
2506 7018
2506 4675
2506 7639
2506 9313
2838 2506
2506 9540
3796 4121
2506 5410
2506 6838
6707 2506
2506 9595
2506 4449
2506 2400
2506 3025
2644 7012
2506 8158
6975 2506
2506 6419
1172 768
3621 2506
2506 772
2506 5201
2506 1401
2506 2211
2506 3363
5883 2506
2506 3641
2506 5534
2506 3400
6796 2506
91 2506
8828 2506
2506 8874
2506 9464
2506 3583
2506 865
2506 6383
2506 1532
2752 2506
2506 6751
2791 2177
2506 5500
6574 2506
4341 7573
1404 2506
2506 5693
967 8013
2506 2312
2506 1118
2506 3758
2506 8998
2506 4839
2506 5365
2506 463
2506 2721
2618 2506
2506 2348
2506 5171
2506 7911
4440 2506
2506 815
2506 4585
2506 9240
9051 676
2506 1901
2506 7806
9059 4292
3333 2506
6030 5906
2286 2506
2506 5119
2506 7597
2506 1471
2506 4676
2506 1428
5414 4103
2506 5870
2506 4337
2506 6063
1750 2506
2506 5981
2506 6608
2506 9493
2506 4059
2506 7886
676 5741
2506 802
2506 1785
2506 5370
2506 8855
9302 5395
3498 9231
3838 2506
2506 445
2506 9301
2506 3851
7332 9302
2506 7457
2506 6531
721 2506
4718 2506
2506 5645
3474 1354
2506 1814
9302 199
2506 7629
2506 384
2506 7175
2506 7157
2506 8436
2506 1356
1564 2506
2506 71
2506 974
2506 7651
2506 6363
2506 1506
9302 53
2506 6268
2506 2486
2774 4099
2506 6337
2506 8633
2506 8352
6144 2506
5767 5798
733 2506
2506 9023
5414 7854
2506 4045
5401 2506
9302 3713
1059 2506
2506 5838
2506 8983
2506 3610
2506 8931
2506 7908
8450 6030
2506 565
2506 2132
7426 6465
7634 2506
2506 7772
2506 4178
2506 3394
2506 3220
2506 5544
9302 3990
2506 4367
2506 1240
2644 9047
9342 2506
1819 8746
4981 2506
2506 5342
6590 4621
2506 5812
2506 8588
8128 2573
531 7087
2506 8076
2506 9117
6863 2506
9253 2506
2506 1498
1782 2506
7690 2506
3929 2431
8088 4499
1513 9302
5572 2506
2506 2485
8543 960
2506 3544
2506 8039
8137 2506
1028 2506
2506 8867
5194 1018
2506 9118
4625 2506
2506 1053
2506 9460
9302 8662
936 3411
8718 2506
2506 1238
2506 43
2506 4969
3601 203
7549 2506
2506 6201
2506 8667
2506 926
6956 9136
230 2506
1832 2506
2506 2941
2506 737
2506 7283
2841 2506
5773 2506
2506 7463
2062 9302
3935 9302
2506 1182
2506 2097
4850 2506
8237 3834
3697 9302
1792 2506
2506 5536
2506 1800
2506 1501
2506 3187
2506 206
6950 7250
2506 6837
2506 2111
2506 7646
2506 6097
2506 4866
2506 3398
9302 2544
1519 9302
8313 2506
2506 1834
9302 66
5257 2506
5520 2506
3683 2506
2506 2000
2506 6828
2506 1188
2644 9161
2506 1672
2506 4161
2506 4170
2506 4751
5503 207
9302 4098
2506 5059
2506 93
2506 6913
4122 373
9302 5162
2506 3757
9302 7694
2506 5047
2506 7537
5187 4911
3248 2506
544 7717
6388 2506
2506 9203
2506 3614
2506 9219
2943 2506
2506 3210
2506 6443
9302 2930
2506 6564
2506 3468
3646 2506
2506 6331
9302 2817
2506 2350
2506 4266
4566 9619
2506 7817
2506 6999
9302 3688
4894 2506
2506 5484
6950 7414
5194 5474
3013 2506
2506 8971
4269 2506
9302 6631
2506 7972
2506 3423
4768 5563
2506 6604
2506 3181
2506 6764
2506 3954
4785 1215
2506 6352
2506 6127
2506 6541
2774 3556
1664 531
9302 986
5481 7734
2506 8573
8506 8886
2506 9596
8314 7553
2506 3406
2506 1297
6702 9302
2506 414
2506 8914
3044 2506
6132 1033
2506 3605
6132 9411
2506 242
2506 19
2506 7752
2506 2357
2506 8671
9302 8858
2506 5564
2506 4396
3038 2506
9302 3704
9302 9351
2506 998
9302 6362
2506 4707
2506 9603
1519 353
1323 2506
2506 2958
7485 2506
2506 5864
2446 3174
9302 2995
2506 7675
9302 7518
2506 4966
2506 9069
8488 3275
6030 2053
2506 88
2506 8371
4566 5394
2506 7309
2506 8183
863 2506
5120 9090
3849 2506
2506 2493
2506 7678
2506 5944
2506 9054
2506 8700
9302 3841
2506 292
2506 524
7705 9215
2506 1849
2506 4271
2506 1963
9302 6675
2506 842
2506 7644
6224 2506
9302 5928
7001 2506
2506 5929
2506 983
9302 1960
2612 9302
9302 9559
676 3450
3365 4241
5269 2506
2506 1903
2506 110
2506 8591
2506 4327
2506 6891
8312 2506
1724 2506
2506 8936
1094 2506
9165 9302
2506 6318
2506 8025
2774 7015
2506 5493
2506 485
7291 8806
4160 2506
2506 4503
2506 1582
2506 4326
2506 4991
1139 2506
2506 3991
8074 2506
2506 4542
2506 2217
2506 267
192 4243
2506 8430
2506 3815
2506 8018
2506 5658
2506 5558
2506 4696
2506 5735
2506 2606
2506 1414
2506 1443
2506 2016
9302 4481
3233 2506
2506 2440
2506 1978
2506 5417
2506 9291
2506 4717
4722 8983
2506 4809
2506 1882
8438 2506
2506 5434
6950 4970
1299 2506
2506 5050
2506 5281
2506 3361
2506 2352
8983 814
2261 2506
1728 2506
2506 6230
2506 8973
9302 1495
2506 6739
2506 4444
2506 4322
1121 2506
8057 7965
2339 9302
2506 4199
2506 8212
9302 9401
9302 7052
661 4543
8413 9089
6785 2506
6155 8130
2506 2409
2506 2391
2506 8232
2506 3184
2506 8427
2506 6821
2506 9535
7027 2506
2506 7839
2506 9600
2506 3116
2774 2506
5144 2506
752 6164
2506 1523
2506 4278
2506 6939
9302 4217
2506 4490
2506 7773
6956 7097
2506 5418
2506 183
2605 2506
2506 106
2506 1667
4129 2172
8088 6997
9302 8572
5372 2764
2506 6667
2506 1527
2506 6830
9035 9302
335 8454
4504 2506
2506 5898
2506 2849
8983 8904
8160 2506
2506 1642
2506 7511
2506 587
3965 5033
1708 2506
2506 7006
2506 5828
4237 229
4275 8896
2797 9302
8237 3656
1985 2506
2506 2024
752 2764
2506 9488
2506 7595
2598 7170
7764 2506
2506 6426
5608 2506
2506 1896
2506 5966
2506 4709
190 2737
2506 4682
2506 3388
2506 5914
1274 3868
2506 7850
2506 5603
4165 2506
5877 7674
2506 8893
2506 8947
24 2506
2506 1828
2506 2160
2506 6418
2506 7901
322 9302
8064 2506
2506 9539
8983 6901
9302 8462
2506 1418
2506 9031
3368 2506
2506 4240
2506 3432
2506 2716
4160 8851
1789 2783
5758 2644
2506 7968
5277 2506
2506 5463
3918 2506
2506 3846
9041 9302
7416 1096
2506 5292
2506 3251
2506 3716
2506 3282
851 207
2506 7314
2506 5671
2506 8409
9167 2506
5247 2506
6950 6065
1096 4848
6765 2506
5820 6601
2506 3310
2506 6841
2506 4370
2506 8198
2506 6626
2783 1983
2506 1856
2506 470
1257 2506
794 2506
2506 703
655 6034
2506 449
9302 7430
9302 8807
4354 6969
2506 8443
6090 2506
2506 1678
2506 58
60 2506
2506 8527
2506 2411
9302 2640
2506 6632
2506 6799
1871 2506
2506 8361
2506 8507
2506 1701
9302 5957
2506 7851
2506 8504
2506 6376
7879 2506
2506 6440
5245 5532
4190 9302
2506 7152
2506 1779
2506 6341
2506 2962
2506 316
642 2506
6042 9302
2506 6174
2506 8575
2506 6967
2506 7696
2506 2687
2506 3316
9302 9124
7071 4136
2506 4057
9302 6190
2506 2482
2506 7353
2506 7524
2506 3842
6373 2448
2506 3100
2506 236
2506 6050
2506 492
2506 5706
9287 2506
2506 6404
2506 3030
2506 8963
2506 3356
3382 2506
2506 6133
2506 1190
2506 2463
8278 7856
2506 9446
1810 2506
4982 2506
2506 2405
2506 4996
6163 5323
2506 2563
2506 6855
9302 9012
8314 8186
4904 2506
2506 9138
2506 6405
2506 7162
2506 6423
2506 4908
2506 2820
2506 8977
2506 9425
2506 2530
1507 1031
2506 7538
2506 3562
2506 8962
2506 7552
6950 5834
2506 6323
2506 5049
2506 8607
9302 3384
2506 5221
2506 8630
8841 2506
2506 4541
2823 5006
2506 6195
3778 2707
8983 8176
2506 2337
2506 9126
9059 2506
2506 1766
346 2506
2506 7922
2506 8901
138 2506
9302 1379
2506 5979
2506 4788
2506 616
2506 6690
8983 5696
2506 9562
6487 2506
792 9302
2506 7070
2506 7990
1555 2506
2506 6192
9302 7801
9302 2200
7411 2506
2506 167
2506 3714
693 2506
3365 3372
2506 4034
8560 2506
2506 4128
2506 3749
2506 859
6132 1253
2506 3353
5728 9302
2506 6897
2506 6422
9349 2506
1023 2506
2506 8516
2506 5381
5258 3868
1777 2506
2506 613
2506 5431
2506 8310
2506 6561
2506 615
2506 7307
2506 9047
2506 5636
5357 820
2506 6634
2506 9216
2506 2186
2506 2516
2506 6130
919 6030
676 3613
2823 6143
2506 2321
9598 1507
2506 1928
8485 2506
2506 1663
2506 678
3198 189
2506 477
5990 628
1447 2506
2506 3438
2506 6074
8268 2506
1577 2506
638 2506
9302 2219
2506 4608
2506 7631
7245 1900
2506 3951
2506 8739
2506 1092
2506 319
2479 2506
4832 2506
2506 506
2506 2281
1123 1966
2506 1150
2506 2522
2506 3979
2506 6001
6030 8253
2506 406
2506 5054
2506 3710
2506 4680
2506 2106
9302 1134
2506 9383
4499 5013
2506 5893
2506 1077
2506 2189
2506 2304
6950 271
3984 2506
2506 6802
3227 5194
2506 3342
2506 8696
2712 1357
3926 2506
2506 6447
2506 4557
5194 9375
4422 6893
2506 8703
2506 4505
2506 555
531 8021
1078 2506
2506 7872
2506 8178
2556 2506
2506 9191
2506 7249
1977 9302
3427 2506
2992 2506
2506 2222
2506 1142
9537 4835
2506 5242
2506 4298
2506 8818
2506 6078
2506 6285
2506 2367
7891 2506
2506 9314
2506 6153
2506 4530
7779 3639
2506 283
9302 3590
2506 7502
2506 8159
2506 4897
8865 2506
9269 8755
2506 5273
2506 5165
2506 6847
2506 8549
2506 2980
2237 2506
2506 9507
2506 2794
2506 5868
7133 2506
8851 4160
2506 32
2506 4408
6304 2506
2506 576
2506 5181
3103 2506
2506 9171
2506 7945
2506 1876
92 9302
8587 2506
2506 2234
5254 3636
2774 6931
2506 9004
717 2506
2506 8091
2506 8197
8314 265
5337 2506
1648 2506
2506 8236
6132 7380
6391 2506
2506 8476
2506 7659
2506 8800
2506 5889
2506 9489
2506 5251
387 2506
1712 2506
2506 3390
2506 3405
2506 6539
303 192
5885 7751
940 2527
2506 2732
2506 4701
2506 3856
2506 1920
2506 855
2506 8042
2506 9334
4341 7105
1507 1840
2506 4872
2506 5475
2506 9406
2506 7717
2928 2506
9302 74
2506 3731
534 2506
2506 4282
2506 3295
3666 2506
2506 4250
2506 7254
7359 2506
218 2506
2506 1661
4319 2506
2506 6158
1507 5349
2506 6750
9302 5116
2506 9414
2506 2880
2506 6118
2506 7929
3687 9302
3984 203
5186 2506
2506 4317
2506 1980
9050 2506
2506 1436
2506 1016
9302 4582
2506 2725
3708 2506
7957 2506
2506 5882
2506 5121
2506 8431
2506 6705
2506 9519
2506 8332
3894 5584
2506 8561
2506 1420
4566 7665
2506 6643
9302 3021
2506 2991
4004 1095
2506 2285
7426 7797
2506 9087
3365 7288
9302 9046
2506 5859
2506 2960
2506 8900
2506 3132
9302 2953
2506 7744
2506 8038
2506 5704
2506 2128
2506 2661
2506 5255
2506 751
1342 2506
3674 2506
2506 6942
2506 4742
2506 7937
2506 667
2506 4203
2506 599
2506 6496
2506 9494
2506 1851
2506 1019
2506 5855
2506 7385
3667 3978
2506 5433
8261 2506
7517 2506
2506 8189
2506 464
5265 2506
4566 2324
2506 3421
2506 4947
2506 5682
2506 2187
6834 2506
2506 8373
9302 1788
2506 4405
1034 2506
2774 2685
2506 6856
2506 7007
2506 1332
2506 7172
4990 2506
916 1020
2506 5923
8324 9302
2506 2218
2506 5209
2774 2363
2506 6719
5282 9175
5252 2506
2506 7757
9302 2296
2506 6219
9302 6944
2506 3712
2506 6606
4388 2506
2506 6805
2506 4445
2506 691
2506 514
8088 3127
2506 7969
2506 1682
2506 4526
2506 5562
2506 5884
2506 8231
2506 856
2506 4847
2506 906
810 9302
6112 2506
2506 5991
2506 1925
2506 2017
2506 6140
2506 2553
2506 9182
2506 7439
7689 2506
6727 2506
3654 2506
2506 3577
1507 2885
2506 3268
2506 7599
2506 5527
1305 2506
2506 4427
875 9302
8314 5499
1507 2276
2506 2720
9302 6294
2506 8734
2506 2681
2506 1715
6061 2506
2506 6471
2506 4324
2506 8015
2506 275
2506 400
2506 4881
2672 4493
2506 4896
6132 3081
2506 4082
2506 1868
2506 3149
2115 8603
6132 2278
2506 200
2506 4714
2506 4179
2506 8628
3244 4422
2506 5927
2506 2168
2506 2679
8744 9061
2506 1169
6396 2506
2506 1992
2506 2413
2506 1388
3984 8585
2506 5457
2506 5470
2506 4493
83 1862
2506 6926
5073 2506
5543 9302
9302 4458
2506 3754
3060 2506
1387 2506
2506 2307
2913 2404
2506 7859
2506 5784
531 6781
2506 3114
2506 4906
2506 6512
2506 5731
9302 116
6030 8558
2506 4999
2506 3246
7037 2506
2506 8171
2506 9037
993 1486
2041 2506
1266 2506
9020 3637
2506 4858
3616 8201
1759 2506
2506 9057
2506 9362
2506 341
2506 7707
5677 2506
2506 4927
2506 5586
2506 979
7540 2506
2506 4820
2430 2506
2719 2506
2506 8345
9302 237
360 9302
2506 8827
2506 2271
9074 3865
2506 7627
7368 7925
2506 6395
1884 5644
2506 301
6132 6610
2506 831
2506 8762
2506 2443
7103 2002
2506 1835
8538 2506
2506 830
2506 7959
2506 4779
2506 8027
4003 2506
2506 3047
2506 3123
8983 5942
2506 3395
6950 6255
2506 3290
2506 8650
2506 8789
2506 894
222 879
9476 6083
2506 119
2506 3566
2506 2971
2506 1547
2506 914
4566 6832
2506 1235
2506 7415
2506 6016
2506 3453
5850 2506
3968 2506
2506 8972
2506 4395
9592 2506
2506 3624
7962 2506
8949 2506
2506 1276
2506 1767
9302 2784
2506 6178
2506 6598
4632 1507
5134 2506
1531 2506
6132 9423
2506 4917
2506 6466
2506 6867
2506 722
1394 2506
2506 7269
2506 7819
2506 9448
2506 4115
2506 450
5798 3785
2506 1537
2506 5448
2506 4215
2506 5808
9302 6774
2506 3794
2506 9473
2506 1921
2506 9155
8303 2506
9302 3801
2506 6027
9302 4053
2506 9620
2506 6022
2898 2121
2506 3813
2506 2590
9302 3545
2506 1773
6763 9537
2506 2979
2506 2161
2506 7057
4798 9302
2981 920
4256 9302
2506 9030
357 8560
6954 9302
6157 2506
2506 3223
2506 7300
2506 6768
2506 8844
2506 5343
2506 3594
2506 6271
2506 1641
3701 3701
1806 1596
8314 1621
2506 8889
5481 4344
2506 2768
9302 6360
2506 7961
2506 285
2506 9496
2506 9123
2506 1670
2506 5114
2506 1574
2506 3570
2506 8257
2506 5734
2506 3301
973 3966
2506 3435
2819 5005
1137 676
2506 7893
2506 6281
2506 5163
2506 9184
6329 2506
2220 2506
2506 8195
2506 6731
5194 2895
6335 2506
8314 7700
2506 8945
2506 1426
2506 6578
9302 9099
2506 286
7049 2506
1168 40
2506 2294
2506 6758
2506 8680
8128 5797
2506 1673
2506 3429
2506 3485
2506 3767
9231 3737
2506 8219
9036 2506
2506 8009
2506 7903
4785 7130
2506 2915
2506 8098
2506 2020
2506 6142
2506 2330
2506 2105
2506 7938
2506 4607
2506 6839
1954 2506
9027 7030
2506 9381
2506 455
2506 8848
2506 3609
2506 6591
2506 5504
2506 6310
2506 6923
2506 8737
2506 5746
2506 8494
9302 6736
8565 2506
9302 2050
2506 1470
234 2506
8287 2506
2506 3111
2506 6106
9093 4253
5798 2854
2506 6917
2506 7638
2506 9601
7408 2506
2506 5917
2506 2565
2506 6454
705 2506
2506 5736
2506 4127
9302 7248
2506 5744
127 9302
7017 2506
2506 2171
2506 438
2506 8179
2506 2987
2506 9187
604 9302
2506 3628
2506 6242
2506 885
3779 994
2506 9578
2506 8756
9302 510
2506 1955
2506 1599
8133 2506
2506 1043
2506 3685
2506 1754
2506 6084
8456 2448
6030 52
2506 499
2506 3543
1507 939
2506 6597
2506 3689
2506 8446
2506 315
2506 5207
2506 7174
8743 2506
971 2506
2506 9573
2506 6494
2506 2429
7610 9302
852 2506
8314 7282
5105 2506
4004 6498
3982 2506
9477 2506
2506 6533
2506 1091
3065 2506
2506 1140
2506 8113
9302 2625
6486 2506
2506 8404
2506 9441
8511 2506
2506 3542
2506 9379
2506 9500
7443 2506
7813 2506
9302 3722
2506 3410
2506 2081
2506 8682
15 3342
857 2506
6261 2506
5768 2506
2506 1770
2506 8978
2506 437
2506 7995
9537 2456
2506 1998
2506 2179
8912 7382
9302 7128
9302 898
2506 3225
9537 6537
3283 2048
2506 6203
2506 5502
2506 5662
6325 2506
9302 7352
2506 8657
5194 9146
531 5266
9302 2192
5245 7003
2506 7474
4599 2506
2506 827
3796 4027
2506 6313
8744 9005
1206 2506
356 2506
2506 9567
3824 675
9547 6166
1545 2506
2506 5363
2506 3599
2506 6278
2506 3124
2506 8200
2115 8544
2506 2469
1362 2506
5070 2506
2506 8907
2506 8146
2506 7633
2506 7115
2506 6104
2506 5351
6186 3488
2506 9272
2506 3008
2506 8047
3655 531
9302 5373
1096 3041
2506 6824
2506 2012
2506 2085
2506 1666
8128 4024
2506 4641
8912 1192
9302 2989
718 7798
9302 3067
4803 3100
2506 6903
2506 640
2506 9083
2506 6238
2506 6729
8034 2506
3907 2506
15 1809
9302 7360
2506 8151
2506 7040
2506 5778
9302 1341
8314 903
2506 2287
2506 4321
4291 2506
2506 9453
2506 4712
2506 475
1629 2506
2506 790
2506 7811
6704 2506
2506 2067
2506 5490
2506 7824
2506 2135
2506 7964
5430 2506
2644 6628
2506 1203
9302 9355
1997 2506
2506 8384
2506 3734
2506 2997
2506 4474
2506 4554
2506 7807
2506 3516
2506 5861
2506 1632
1703 3810
2506 7080
2506 6248
9302 4948
1725 2506
8286 2506
2506 5995
2506 6023
2506 6914
9018 2506
2766 2506
2506 9439
2506 3034
2506 1981
2506 1731
1504 2506
2506 3748
9269 8302
8838 2506
2506 730
2506 7683
2506 1472
1618 4456
2506 1039
9215 7705
1908 2506
2506 2040
5827 3654
2506 5845
3649 2506
8861 8718
2506 4148
2506 7944
2506 3591
2506 2796
2506 3875
2506 2843
2506 9350
2506 7771
9302 3381
2506 5967
2506 8999
3152 7491
2506 6120
2506 7298
2506 1068
2506 4333
2506 3943
2506 8850
2506 2361
2506 5573
5357 9239
2506 6413
5820 408
3539 3573
2506 6835
2506 7274
7926 2506
2506 5833
2506 559
2506 1760
2506 1179
2506 2846
2506 4084
6551 7336
3796 7704
4640 6753
2506 122
2446 2893
2506 294
2506 4880
2506 8095
2506 6181
3602 3929
2506 5629
2236 2506
8196 2506
2506 11
2506 9587
916 5583
7357 2506
8030 2506
2506 8252
9302 5298
9302 2476
2506 3823
4268 2506
2506 4204
2506 5326
7980 2506
2506 98
2506 6446
49 2506
9574 2506
2506 9218
2506 1294
2506 3190
1517 2506
2644 9456
2506 532
2506 7267
3226 2506
1698 2506
2506 593
2506 2785
2506 6979
2506 9196
2506 2626
2506 1003
2506 9542
5444 2506
2506 2856
3499 2506
2506 6663
2506 5852
2823 7852
6132 8188
2506 7384
2506 8489
9302 2223
2591 2506
2506 3016
7555 8314
1377 2506
4744 7925
2506 6657
2506 4087
2506 4056
8744 2506
2506 6459
2506 2554
960 8543
9302 2540
7572 2506
2506 2824
2506 3848
6132 9363
2506 7277
2506 202
2506 8645
6155 3477
9302 1364
2506 7870
2506 2593
2506 7738
2506 8984
9154 2506
2506 3161
2506 2588
2506 9268
2506 3552
2506 17
2506 2424
2506 5649
2506 9458
2506 7246
2506 8273
2506 1491
1597 2506
2506 3445
2506 2214
2506 2736
9302 7496
2506 1307
8983 1737
6132 2497
2506 8544
4785 7566
2506 975
2506 6177
2506 566
2506 6128
2506 2282
2506 545
2506 4729
2506 246
2506 4414
635 2506
2506 4198
3929 2506
4768 6145
2513 2506
2506 8144
2506 5676
2506 7325
2506 8941
2506 4782
2506 4158
385 7326
2506 1623
2506 5511
2506 4296
9302 7536
2506 4506
2506 1250
2644 4861
6163 1026
3152 8738
2506 8799
2506 1815
155 2506
2506 1619
1096 4336
2506 7818
2506 6057
2121 2506
2506 8952
9302 4139
2506 174
8314 2476
2986 2378
2506 595
9302 7613
2506 5248
5468 2506
1983 9204
2506 9626
2506 3214
3971 2506
5087 1507
1313 2506
5820 5152
2506 7224
2506 9449
7765 2506
3245 2506
2506 5854
2506 1894
2506 5902
2506 8509
2506 2649
2506 6292
2774 4022
2506 7304
2506 9583
2506 5523
8385 2506
3793 1318
2506 7472
8242 6507
8983 6021
2506 1640
2506 8234
2506 2124
5849 676
2506 310
2506 7139
2506 8640
1878 2506
2506 5126
1096 9059
2506 6270
2506 1587
2506 1483
6030 6032
7717 4118
8374 2506
2340 8425
9302 5446
3446 2506
889 4784
2506 9180
2506 8618
2506 5079
2506 4584
2506 51
2506 8229
7808 2506
9302 6998
2506 8061
2506 7575
2506 4864
2506 767
2506 7085
2506 5806
9302 7331
8167 9302
2506 2726
2506 1246
2506 4799
7547 4785
2506 4156
2506 2802
2506 3107
2506 6354
9108 2506
2506 1117
2506 263
2506 4302
5466 2506
9305 2506
6883 1806
2506 490
916 7078
2783 697
2506 5458
2506 4529
2494 6871
2506 1746
2506 392
2506 3669
5939 2506
8314 2818
4424 2506
1778 2506
5369 2506
3639 7779
6151 8852
2506 4732
3553 2506
2506 3293
2506 295
2042 2506
2506 2579
2506 7103
2506 4638
2506 5892
2506 3952
3814 2506
2506 2645
6507 2297
4038 504
6252 2506
2506 3266
1344 4905
6186 1560
2506 7259
192 7291
2506 3265
4406 3984
5881 6803
4987 2506
2506 4273
2506 6420
9302 5210
2832 5408
4530 2506
8314 8285
6132 2277
2506 1175
2255 531
2506 432
2506 6644
9302 6317
8237 7927
4307 2506
2506 7650
2506 1255
2506 6724
1362 9302
2506 6394
2506 5945
412 9302
9537 9357
2506 471
9415 2506
2479 9302
2506 2744
2506 8745
2506 8245
467 2506
2506 8819
8314 9594
2506 958
6861 2506
2506 8578
2506 120
2506 256
7528 2506
5515 2644
2506 1210
2506 9395
4117 1809
2506 3185
2422 2506
8886 3229
2506 4749
2506 957
2506 3309
2506 8477
2506 3242
2506 516
2506 7614
2506 3760
2506 1295
4812 2506
2506 6522
2506 4800
2506 4025
2506 4830
2506 7887
1229 7125
2506 1368
1057 531
2506 5775
2770 4360
2506 6173
2506 250
2506 4741
2506 5943
5245 4031
2506 5076
4838 2506
2506 4574
2506 279
2506 6141
3586 2506
2506 740
2506 8263
2506 757
1926 2506
8267 2506
2506 7345
2506 4078
2506 6920
2506 6542
2506 4867
8654 9302
2506 4698
2506 518
2506 3409
5357 5375
9302 5014
2506 2526
2506 8291
2506 6662
4785 2692
8675 2506
2506 8284
4658 2506
2506 6333
8886 4743
2506 7523
2506 5730
6146 1287
7243 6797
39 2506
2506 317
2834 2506
9302 8913
2506 6929
2506 9499
2506 7982
2506 6986
2506 1939
2506 1674
2506 7349
2506 5790
2506 1734
3286 2506
8260 2506
1096 8456
1431 2506
2506 9244
8314 5813
2506 2777
4369 2506
676 5920
2506 5442
2506 1655
2506 3430
2506 8600
2506 5568
2506 3657
2506 9319
2506 8470
2506 7837
2506 5445
4507 5753
2506 7952
2506 4069
9302 9229
2506 4400
2506 9466
2506 6121
2506 304
2506 811
2506 3032
7291 3929
916 5355
2506 6167
2506 5874
2506 843
2506 9467
5691 2506
2506 6846
6132 5756
2506 2268
2415 2506
2840 2506
2519 2506
943 4008
2506 7582
6381 2506
86 2506
2506 2462
2506 1699
2506 2861
8314 3947
8314 8772
9302 891
3070 2506
2506 3199
2506 5039
2506 6455
2506 5627
2506 6100
2506 3412
5095 2506
2506 8163
2506 1350
4029 9302
8912 2226
2506 854
2506 6540
2506 2543
2506 6267
2506 1209
2506 1225
2506 9076
5392 2506
2506 1912
9156 2506
2506 4958
4341 8342
6226 1063
2506 3506
2506 2620
2387 2506
2506 1945
7398 2506
2506 3878
4410 2527
2823 137
2506 7260
2506 8281
2506 7425
3426 2506
2506 7709
2506 2919
2506 6742
2506 2283
2506 6495
2506 2932
2506 5614
5066 3198
6994 2506
4785 2450
2506 7583
3297 2506
6441 2506
5749 2506
7054 2823
2506 9628
2506 6147
5820 6887
7630 2506
2115 3901
3984 5001
2448 1096
2506 8296
2506 3761
3668 2506
7060 2506
2506 8625
2506 9290
2506 8478
2506 6860
2506 8661
2506 3052
2506 7207
2506 3665
2506 2950
2506 7948
2506 6718
2506 9003
8882 2506
2506 5450
2506 9112
7337 2506
2506 8646
2506 881
2506 1262
6896 2506
9302 3362
2506 5133
2506 7795
2506 9410
531 95
2506 6020
2506 1589
9611 2506
8886 8077
2506 3909
2506 3882
2506 3192
2506 386
1507 3832
2506 2994
2506 3852
2506 5029
8688 1367
7426 1328
8886 3119
2506 352
2506 4797
2506 8997
2506 4376
9098 2506
2506 3465
2506 5100
2506 6516
2506 1935
2506 5570
9302 5747
5598 5454
2506 9384
2506 6775
676 3867
5615 2506
4461 2506
2506 9432
2506 4988
5280 2506
6132 5319
1679 2506
4566 724
2506 1181
2506 7668
8811 5539
596 9302
4043 2506
2506 9073
2506 5788
2506 175
2506 6068
8314 5455
2506 5007
4487 4539
2506 2315
3874 2506
2506 9544
3532 2506
2506 225
101 2199
1507 2481
2506 6792
2506 2356
9151 2506
8798 2506
2506 8820
2506 4720
442 2506
2506 8562
2506 1740
2506 7389
2506 8415
2506 3467
1057 2903
2506 7574
2506 9621
2506 2905
2506 5440
2506 1745
9515 2506
2506 5025
2506 3595
2506 8199
2506 8112
2644 3739
2506 9232
5674 2506
9302 3048
2506 2900
2506 5289
6132 8444
2506 1156
2506 9579
7517 6320
2506 8878
2506 807
6132 496
2506 3698
2506 8669
2506 9039
1693 2506
3259 2506
2506 2628
2506 832
9302 7984
2506 7008
2506 7453
2506 5228
2506 8316
2506 7885
2506 878
2506 6833
2506 7021
2506 5951
2506 5303
2506 5575
2506 4592
2506 4934
6730 2506
2774 5896
2506 7258
2506 4378
2183 5375
2506 345
601 9462
2506 7082
8278 7664
9302 4090
2506 7079
7561 2506
453 2506
2506 893
6132 462
2506 2695
2506 1477
3496 2506
1952 2506
2654 2506
2506 7476
4566 2386
9302 5611
2506 837
4785 8007
3060 9080
2506 4623
2506 7970
2506 4436
2506 9190
2506 6859
2506 4286
2506 2149
2506 5879
2506 5184
1037 2506
2506 3671
2506 6820
6527 2506
2506 3981
2506 4404
1467 2506
2506 1060
2506 3466
2506 5307
2506 9463
1819 7136
2506 4011
2506 8367
6519 2506
1096 2448
8128 5230
2506 3305
2506 1730
2506 2631
2506 6288
2506 7256
2506 1895
2506 5670
2506 2659
2506 1643
9302 7761
9302 1911
2771 8314
2506 7341
2506 8693
2506 9371
2506 4089
2506 5459
4566 2591
2506 5720
136 9302
2774 3554
2506 7348
2712 2506
2506 8421
1747 2506
2506 7387
2506 4510
2506 5770
2506 929
2506 3531
2506 6936
4790 2506
2506 1361
5087 9536
2506 6457
2506 2830
2506 4375
5955 2049
168 2506
539 2506
6123 2506
2506 9358
2506 5271
2506 7179
8128 3936
2506 2375
3796 6675
2506 7150
2506 1503
2506 4050
2506 1776
2506 6484
2506 2937
7605 2506
2506 2926
7564 2506
2506 925
2394 2506
2506 1228
2506 7770
2506 3652
2506 4636
8601 2506
2506 8673
2506 5215
2506 2866
2506 6442
2506 6033
2506 7270
2506 6386
2506 8783
2506 9296
8278 9281
2506 6747
6507 5536
4566 4937
2506 8629
2506 4735
7890 2506
6950 2517
2506 9553
9028 9302
2506 9607
1613 2506
4903 3863
2506 9130
9568 2506
2056 2506
2506 9260
2506 6858
2506 3328
764 2506
4628 2506
7620 2506
2506 4452
2506 8969
2506 7199
9024 2506
2506 6315
2506 1248
3283 138
2506 1116
2506 834
2506 9052
2506 1132
2506 6375
2506 1534
3486 2506
2506 6585
2506 1913
2506 6169
9373 2506
5338 4580
2506 8554
2506 7101
2506 5426
2506 4978
2506 9237
6546 2506
2506 5895
2506 6593
2506 9230
4189 9302
2506 3571
2506 7769
2506 130
4566 1396
2506 7230
2506 9283
2506 1122
9302 8639
2380 9302
2506 3422
2506 3329
2506 4813
8128 9430
7866 2506
2506 6343
2506 1005
8088 1535
2506 7741
2506 9101
2100 2506
2506 9168
2506 4261
8314 1846
2506 342
9302 4989
2986 2842
2506 1217
2506 5715
2506 6303
2506 526
2506 7127
2506 4417
2506 6911
2506 2763
2506 5086
3984 7215
8484 699
2506 1444
2506 521
2506 6380
458 2506
2506 1844
2506 5741
2506 135
2506 6356
2506 4932
770 2506
2506 7730
1096 6770
14 2506
2506 7118
4038 8998
2506 4299
4566 4918
2506 6407
2506 9286
5138 2506
2506 2301
2506 7399
4718 933
2506 5034
2506 5774
2506 428
2506 4887
2506 8319
2506 1261
2506 1375
2506 9557
2506 6105
8983 3525
2506 6208
6507 7448
2643 2506
2506 6623
6132 3057
1995 2506
6950 3791
8153 9393
3365 1069
2506 3136
6132 1510
2506 170
531 3834
2506 1521
3616 9299
2506 7484
3048 1774
2506 8713
2506 3802
2506 6526
2506 950
2506 5865
2506 4527
2774 8143
1405 2506
2235 2506
2506 5084
5933 2506
2506 3068
2506 5388
2506 9331
2506 625
2506 2747
9302 3728
2506 4524
2506 9367
9231 6699
2506 7454
9537 8433
2506 7921
2240 2506
1279 2506
2506 7112
2506 4871
2506 9426
2506 8883
2506 7315
2506 2008
6950 6694
2506 430
8634 2506
2506 8505
2506 8533
2506 3442
522 2506
2506 30
6451 2506
2506 329
9231 5583
2506 9145
2506 2745
2506 4758
9249 9302
2506 8517
523 2506
2506 8466
2506 7513
354 2506
4931 2506
2506 2147
2506 1559
2506 8092
2506 1975
2506 429
9302 6003
2506 5970
1106 2506
4648 8744
2506 6678
6132 4885
2506 5233
9172 2506
2506 312
9302 9585
2506 5964
9302 4311
752 8921
2506 3788
2506 3752
9302 1466
4860 443
3093 3905
2506 1609
2506 3164
2506 6306
2506 2178
2506 5436
9302 4044
1096 9389
2506 5745
2506 9183
2506 956
2506 2569
2506 5041
5194 5555
5320 1707
531 2136
1972 2506
7243 1854
2506 395
6290 2506
2506 4668
2506 8816
2506 344
2774 3550
2506 5550
2506 2552
3169 1507
5537 7527
2506 5318
2506 5764
2506 8445
2506 2523
2506 9575
2506 645
2506 5922
2506 8606
2506 4511
2506 8069
2506 4862
1593 8886
8126 2506
1408 2506
2506 2167
2506 3312
1507 2769
2506 7588
2506 9605
2506 876
886 2506
7504 2506
2506 8276
6170 2506
8935 2506
2506 3789
2506 8226
2506 2129
2506 9143
2506 745
2506 7402
2506 5389
2506 5226
2506 610
4818 2506
2506 5085
2506 2119
2506 6430
3479 2506
2506 1226
2506 4284
2506 8464
2506 4745
2506 6581
2506 8695
2506 1857
2506 3456
2506 6874
2340 5409
4100 2506
2506 3040
6181 2506
2506 4020
2774 4618
2506 4144
3738 2506
8067 2506
2506 3354
2506 2521
2506 7431
2506 2326
1507 789
2506 4451
4364 2823
2506 1161
2506 6079
5733 2506
5900 2506
2506 9328
2506 2423
2506 5912
2506 8136
2506 2825
2506 6080
2506 9174
2506 2305
2506 277
2506 3915
2506 508
2506 3351
2506 1660
2506 6344
6030 2906
2506 5667
5955 8264
3576 2506
2506 968
3093 7923
7714 2506
2506 6953
2506 3335
2506 4912
2506 1508
2506 7505
1507 9134
2506 850
2506 1804
973 8983
2506 7799
6030 3578
3464 2506
2506 434
2506 2487
2506 3191
9537 570
2506 4472
2434 2506
2506 7313
3984 2549
2506 4464
423 7129
9302 2267
1123 5069
2506 5666
2506 5561
2506 3775
2506 8681
2506 6558
682 2506
8708 2506
2506 5449
2506 1089
5997 2506
2506 845
2506 4264
3894 6319
8983 2798
8792 2506
5087 1353
2506 1329
2506 1652
2506 8008
2506 8535
4126 2506
2506 109
6950 8280
531 8905
2506 8408
9271 4756
2506 216
2506 7122
2506 8001
1096 1373
2783 1631
2506 7720
8278 3098
4597 9302
2506 8060
2506 2967
2506 1141
2506 6479
2506 1449
2506 623
7930 2892
2506 44
3625 2506
2506 2342
2506 7533
2506 641
2913 1651
2506 2384
4555 2506
5353 2506
2506 7390
5537 266
2506 8029
7507 4979
2506 7165
8815 2506
6629 1806
322 1872
2506 3147
2506 2253
5481 8555
233 2506
2506 3196
2506 2627
2506 2252
2506 5537
2506 7004
2506 4152
2506 7424
2506 6444
2506 2246
2506 6102
2506 4085
2506 6602
2644 336
2506 7202
2506 4679
2506 5250
2506 8519
2506 4520
2506 8304
2506 9285
2506 9034
9302 2835
2506 70
2783 5605
2506 2057
2506 1136
2506 8641
3088 2506
2506 3444
9302 1487
2506 7898
2506 8085
2506 4094
2506 5197
6030 6886
2506 6568
2506 9252
2506 2537
8413 8659
4221 2506
2506 2775
2506 5913
3261 2506
2506 35
2506 4194
2506 1126
2506 2779
2506 911
2506 5151
2506 9520
3257 9302
2506 9070
1520 2506
2506 3924
2506 8859
8278 7201
2506 3089
531 5092
2506 8089
2506 6194
2506 1101
5264 2506
2506 340
2506 7679
531 1461
2506 4280
2506 5471
2506 5891
2506 6937
2506 6448
2506 7873
2506 9408
2506 4518
2506 9147
2506 8022
2506 7099
2506 3607
5797 1120
2506 588
2506 1074
2506 8097
2506 7612
2506 8377
2506 3213
9302 1200
7187 2506
2506 2551
2506 1000
2506 6784
2506 1336
2506 9242
3675 9302
2506 1081
2506 4500
9302 8896
9302 5256
1168 2506
2506 8532
3365 9436
2506 2358
5313 2506
2506 6894
2506 1616
8434 2506
2506 448
2506 9222
2506 5524
2506 6529
2506 9053
9231 8515
6431 5187
2506 9040
5881 2049
2506 927
9302 2368
2506 3294
7865 2506
2506 8993
7107 2506
1618 775
8338 2506
2506 954
2506 8722
2506 9483
2506 2592
8592 4577
254 2506
2506 1015
2722 2506
2506 2673
2506 5826
2506 2886
2506 822
2506 65
1507 6209
2506 7847
2506 4443
2506 123
2644 4180
9302 2911
2506 581
8619 8314
2506 5346
2506 1653
2506 1012
2506 4163
2506 1448
2506 6734
2506 5709
3984 7868
2506 2061
2506 3270
2506 117
2506 9329
9302 2427
2506 4233
8886 6489
9302 4175
2506 1205
2506 1365
2506 7447
2506 9185
2506 895
2506 6286
2498 2506
2506 4939
2506 4634
2506 7760
2477 2506
2506 9169
8986 2506
2506 9139
2506 7145
2459 2506
2867 2506
2390 2506
2506 6688
2506 7750
4785 766
9537 7241
2506 4836
2506 8127
8413 5612
2506 7058
9028 3471
2506 7154
2506 2244
2506 2454
2506 707
6212 2506
6198 2506
2506 1252
2506 82
2506 5578
2506 5875
9302 3866
4356 2506
2506 6087
2506 6952
2638 9302
2506 5028
2506 4112
2506 5987
2506 5380
2506 1807
2506 5174
2644 5925
2506 5529
3600 2506
2506 8922
2506 3833
9302 5312
2506 3145
2506 4124
2506 4699
2506 8192
2506 2383
2506 2609
2506 7356
2644 8238
2506 2072
2506 4719
2506 6287
2506 56
2506 6175
2506 7816
2506 3424
5760 2506
2506 6353
3673 8880
2506 2699
2506 3212
5324 5700
2506 1539
2506 2604
1465 2506
2506 2109
2506 543
2506 2674
2506 9616
2506 278
2506 945
6950 947
6535 2506
2506 1918
2506 2266
5020 7026
2506 4975
2506 9610
2506 5482
2506 7643
2506 2949
2506 1378
8302 2506
2506 9361
2506 7144
2506 6689
2506 5949
2506 140
2506 6793
2506 369
2783 8932
6222 2506
2506 8380
2506 1671
2506 1633
2506 1433
2506 6717
7521 7994
6884 2506
2506 4000
6507 884
2506 2402
2506 8523
2506 8096
2506 457
2506 8490
531 6348
9302 3396
2506 1516
2506 7297
2506 5712
4149 2506
3984 7456
2506 8908
1057 391
5604 2506
2506 4328
1507 4412
2506 3755
9302 629
7871 5609
9302 1245
2506 1176
9320 2506
2506 8670
2506 6829
803 2506
1274 2506
531 1578
2506 3489
2506 5587
8045 4160
2506 4706
2506 833
4171 2506
2506 1162
2506 5182
5890 2506
7985 9302
2506 3239
2506 7204
2506 9387
2506 7266
4876 5120
5194 1014
2506 1821
2506 4167
6587 2506
2506 6910
2506 7176
1739 2671
676 3129
6269 2506
2506 8382
4703 2506
2506 1174
9302 915
8235 2506
2506 8250
2506 7759
4571 2506
2506 5626
2506 1111
7372 2506
2506 7189
2506 3579
8495 337
3240 2506
264 3667
2506 6235
351 531
2506 2272
2506 4739
2506 2334
2506 7212
2506 3559
2506 1969
2506 4919
2807 2506
2506 330
2506 3919
2506 9266
2506 825
3408 9302
2506 2201
2506 3276
606 2506
2506 8326
2506 1421
6592 2506
2506 1212
2506 3457
2506 5422
2506 6161
2506 3639
5664 2506
8980 2506
2506 8287
6211 7392
2506 226
2819 5203
2506 6611
7168 2506
2506 54
2939 2506
8049 2506
8315 2506
2506 5748
2506 9345
2506 6659
2506 3598
8983 1514
2506 6253
2506 3629
1588 2506
3049 2506
2783 9455
9454 9469
2506 4806
4162 2506
2506 6584
2506 1
2506 931
2506 6872
7243 6223
2506 1568
4566 2032
7404 2506
2506 4030
7426 1848
2506 5824
7221 2506
2506 1591
1507 1177
1987 2506
2506 992
3046 2506
2506 7662
2823 9201
2506 8954
2506 3763
2506 4689
5481 8526
2506 1880
2506 5815
2506 7191
2506 4437
5428 2506
2881 3626
2506 2182
2406 9302
2506 3078
2506 4459
2506 5347
2506 537
2506 2153
2506 6397
8439 1287
8057 1123
3519 2506
2506 1965
7071 1115
3515 2506
2506 232
2506 7727
2506 4259
2506 9428
9550 6927
2506 224
2506 129
2506 2751
2506 6246
2506 4868
2506 7653
2506 1088
2506 9417
192 5617
4731 2506
3793 5905
8109 2506
7930 3406
2786 2506
2506 5331
2506 4358
2506 2566
6030 773
1346 2506
2506 2983
2506 3367
2506 4471
2506 3425
2506 4272
9302 2743
2506 9424
2506 4725
4640 2839
2506 7108
2506 1392
2506 9580
9302 6350
2506 5051
4673 2506
6009 2506
2644 2536
8983 7654
2506 325
2506 2686
2506 3869
750 1780
4884 2506
2506 787
6652 2506
9013 2506
2605 9302
2506 8597
2506 9132
2506 5942
2506 1385
2506 7594
2506 2602
6266 2506
2506 3441
2506 3053
2506 2956
2506 299
8314 4411
2506 2646
531 727
6651 4768
4292 2506
2506 8702
8051 2506
2506 9360
1109 9302
2506 4624
2506 6
2506 4671
2506 4964
2506 2572
2506 5367
2506 5506
2506 6031
8079 5545
2506 2478
2506 2975
2506 5135
2506 3575
2506 5559
2506 8594
5481 9195
6037 2506
2506 4568
7791 2506
2506 8553
2506 7308
4983 2506
4815 2506
2506 1956
9302 4998
2506 4941
2791 7963
2506 6117
2506 2243
5543 3475
2506 987
4656 5753
4005 7181
2506 8055
9302 3733
6658 2506
2506 7169
2506 3612
2506 2728
2506 708
2506 7939
2506 2581
9536 3063
6186 3304
4865 9302
6189 2506
4785 7293
1595 2506
2506 3000
6146 1454
6950 5522
2506 4486
2506 626
2506 2123
2506 1208
3803 2506
2506 653
4038 6748
2506 2708
2506 446
2506 5293
2506 2221
9302 2564
4488 2506
2506 7272
988 9302
9302 7437
6744 2506
2506 6152
5061 2506
2644 8830
3601 513
2506 808
2506 9604
2506 468
2506 388
3796 157
3054 2506
2506 5924
2506 4019
2506 3019
2506 8041
584 2506
2506 8687
2506 5938
2506 5591
2823 7609
6567 2506
2506 2754
9514 3283
2506 444
2506 3764
2506 5651
2506 1570
2506 4957
2506 7143
2506 6616
2506 3287
8983 7264
9302 9236
6263 2506
2506 5236
2506 3808
2506 7914
2506 5411
2506 3166
2823 6627
916 9179
2506 9456
7326 2506
9302 1741
2506 9226
2506 3561
2506 6640
2506 1497
2162 2506
2506 9142
2506 5799
2506 7512
2506 4018
2506 4617
9302 8658
5048 2506
2506 3193
2874 2506
2506 2767
2506 5117
2506 365
5481 4854
6940 2506
2506 2435
4566 6875
2506 9153
2495 2506
9302 4692
2506 2862
2506 3759
2506 3847
9302 418
4143 4860
2506 6771
3876 2506
8569 2506
7140 2506
2506 6247
9302 3253
9368 2506
2506 5811
2506 8522
2506 1627
2506 4054
6316 2506
1096 6800
2506 1165
1096 3211
676 4713
2506 26
2506 1865
2506 4783
2506 4578
4362 2506
2506 3497
3796 8644
2506 2872
2506 308
2506 3879
2506 235
7316 752
4457 2506
2506 5739
2506 1277
2506 2515
2506 9173
2506 3631
2506 938
5336 2506
2506 1515
7247 2506
2506 1915
2506 4260
2500 2506
2506 4926
2506 1842
2506 959
2506 491
2823 2758
2506 1822
9302 8357
4821 5798
9302 3941
9302 7632
8964 2506
6149 2506
2506 7622
5501 2506
2506 3130
3796 8448
2506 4694
2506 3548
2506 2891
2506 4775
2506 3321
2506 22
2506 5397
2506 3892
2506 5819
2506 6043
2506 2001
2506 981
1282 9302
2506 5148
7068 3262
2506 5019
2506 2828
2506 9317
2506 883
2506 1289
2506 8985
2506 5332
2506 2536
2506 3898
2506 7783
2506 6642
9302 2306
3334 2506
2506 8050
8267 2814
2506 7539
2506 2778
2506 4764
5338 2506
2506 2691
5194 5857
8577 3221
8744 4005
4677 2506
1507 2126
2314 2513
9152 2506
2506 9525
2506 3102
2506 5277
2273 8983
2506 5567
2506 6607
2506 1272
2506 4980
2506 7920
8272 7940
1722 9302
6301 2448
2506 2951
2506 1451
2506 1929
8560 357
331 2506
2506 674
2644 2446
4390 2506
2506 4010
2506 8843
3338 2506
2506 4588
2506 6490
2822 8190
179 2506
6330 676
2506 8010
1172 3637
2506 8124
2506 5998
2506 8346
9241 2506
2506 8243
5579 2506
2506 7301
2506 2811
2506 5094
2506 6804
2506 493
2703 2506
2506 8012
2506 9107
2506 5903
8580 6346
2506 9478
8484 2506
8266 2506
1961 2506
2506 7311
2506 9254
2506 9481
2506 4142
8886 5229
978 2506
2506 3202
4785 4534
6264 2506
433 2506
1620 9302
1886 2506
2506 8223
2506 9354
7871 1979
4038 7826
2506 4306
2506 2163
2506 2808
2506 248
2506 7775
9302 6621
6030 2173
2506 9114
2506 9341
3452 2506
2506 846
2506 4922
8314 1164
6299 9302
2506 8233
9302 6605
6779 8495
2506 6187
2506 6669
2506 4893
8994 2506
4973 2506
2506 9501
6811 9302
848 2506
5131 2506
2506 2472
2506 2910
9304 5194
2506 664
2506 6110
2506 6393
2506 8294
2077 2506
4652 2506
9302 7481
2527 4421
2506 9238
6470 2506
5194 8750
2506 527
2506 7499
2506 1645
2506 2241
2506 6615
2506 5908
2823 775
2506 3807
3344 531
8525 9302
3152 8891
2506 8277
531 9248
2506 9022
2506 552
9524 2506
2506 3387
2506 374
2506 6826
2506 9549
2506 9170
192 3135
4768 5907
2506 9558
2506 7273
2506 7039
2506 8391
847 2506
2506 1306
2506 1258
643 2506
2506 9541
2506 5377
2506 57
2506 6673
2506 478
9302 7842
9302 184
2506 8414
2506 7637
2506 9014
2506 806
654 2506
2506 2909
2506 6772
2506 6625
9302 8017
6359 2506
4289 2506
2506 4205
2506 901
2506 6283
2506 6058
2506 8220
2506 2126
2506 7867
6132 5031
8488 2700
5140 2506
7871 2448
2506 572
2506 2298
1099 2506
5821 2506
2506 5931
2506 4006
2506 3582
2506 1395
2506 9590
2506 4756
2506 144
2506 5118
1265 9302
2506 1684
2506 2710
2506 2116
2506 5905
2506 657
2506 9264
2506 4274
3244 2506
5818 2506
2506 134
2506 8826
2506 5982
2506 4294
6473 2506
2506 8152
187 9302
9263 3637
2506 2069
2506 9533
2506 7262
9302 8115
7036 2859
2506 2196
2506 4353
5129 9302
9302 1251
2506 5781
2506 5421
4903 2506
4038 512
2506 9524
2506 4843
9302 6096
8751 2506
7137 2506
2506 2184
3365 80
2506 7166
8860 2506
5194 4257
2506 3403
7347 9302
2506 3201
2506 904
6259 2506
2506 2292
2506 1004
2506 7462
2506 5936
2506 8392
2506 6492
2506 2711
910 2506
2506 4234
2506 247
2506 3584
2506 3977
2506 3140
2506 3320
2506 1831
2506 4201
2506 6091
2506 6366
2506 1324
2506 8919
2506 262
2506 5341
2506 3711
2506 2256
2506 4910
2832 2340
2506 6008
2506 6755
2506 2561
9302 937
2506 7567
7442 2506
2506 5021
2506 8604
6030 5125
2506 2509
2506 5496
2506 1312
2506 8499
2506 8915
8967 676
2506 5327
8314 666
1391 4225
2506 1280
2506 2624
3087 9302
3824 9150
2506 2191
2506 1412
2506 3904
2506 7912
2506 8689
579 2506
2506 2359
6783 2506
2506 4955
2506 5625
2506 9131
2506 1271
2506 2559
2506 8472
2506 3472
2506 3451
2506 2882
2506 2351
2506 6052
2041 5481
2506 4778
2506 6543
2506 7234
2506 2788
2506 5300
2506 7046
3365 4285
1505 9302
1556 1139
2506 2399
7428 2506
141 2506
5309 2506
9302 7173
2506 4076
2506 4950
158 9206
2506 5071
2506 3219
2506 8849
4647 2506
2506 8154
2506 9135
4067 2506
2644 7047
4138 9302
2506 5130
8979 2506
6185 2783
2506 113
4566 8205
3015 2506
2506 1384
2506 4222
5717 2506
2506 3023
2506 154
2506 4300
2506 1456
9302 8781
4004 4021
2506 6517
2506 4942
2506 6166
2506 8395
2506 441
2506 6767
2506 1838
2506 1129
2506 6638
2506 6980
2506 2311
564 2506
3585 2506
2506 3797
2506 9
4570 2506
2506 176
2506 5986
2506 7460
7242 2506
2506 2607
2506 5305
2506 309
2506 2642
2506 4429
2506 2080
4160 8045
2506 8442
2506 7844
5598 2506
9392 2506
5194 2308
2506 4196
2506 6813
8314 7618
2506 4757
7117 2506
7634 1507
8983 7562
2506 8794
2506 1700
6752 9302
9302 1224
2506 9434
2506 2103
9302 1247
2506 9149
2511 6687
2506 7947
2506 1218
7339 2506
2506 1442
2506 4944
2506 3777
835 9302
9302 9346
2506 4977
2506 1948
9302 9284
2506 6700
2506 2730
4143 2506
2385 2506
2506 3750
4237 700
2506 1957
2506 4288
2506 4226
2506 8423
2506 6506
5780 2506
3667 7470
2506 5571
2506 6183
7989 2506
2158 2506
2506 8121
9302 4970
6132 7936
2506 3299
8057 102
6786 2506
1096 6431
2506 81
2506 8631
2506 5556
9302 8066
8871 2506
2506 4320
2506 8145
2506 2927
2506 7636
2506 8102
2506 7271
2506 6460
9302 8441
8896 3134
2506 7827
6950 8455
2506 1843
2506 8046
2506 8539
4734 5194
3365 7084
9059 5187
9302 9298
2506 7913
2506 5190
1120 5797
2506 4495
2506 4265
2506 731
2506 253
2506 8674
2506 9572
2506 8424
5643 2506
3163 2506
6073 2506
2506 4878
2506 2426
2506 9480
7500 2506
6132 5825
9302 9199
2506 5406
3984 6305
676 1025
6547 2506
2506 9198
8177 2506
7733 2506
1887 2506
4566 3870
8314 6988
2506 2762
2506 5465
4002 2567
2506 7110
2506 1143
9537 663
2190 2506
1275 2506
2506 7686
2506 5297
2506 1180
4341 2611
5552 2506
905 2506
2506 1381
2506 6116
7617 2506
2506 8328
2506 5172
4565 2506
2506 4750
2506 2816
8314 2146
2506 4168
2506 6300
2506 103
2506 217
4564 2506
8744 3793
2506 5754
3101 2506
1427 2506
2506 1904
2506 5003
1073 2506
2506 7295
2783 849
5983 9302
3365 7976
949 2506
2506 3455
1612 6151
2506 8331
2506 6297
2506 2011
9302 6544
5238 2506
2506 813
5798 4143
726 2506
2506 7951
2506 2379
2506 4844
8589 3243
2506 8726
2506 1480
4824 2506
197 2506
2506 8609
2506 619
1962 9302
2506 2365
2506 1243
1453 4245
2506 6513
5710 2506
2506 6790
5481 7692
3829 2506
9066 2506
2506 6586
2506 1602
2506 1171
3679 2506
6950 1424
2506 36
2506 7869
9302 1322
9302 4052
2527 1192
9550 5069
2506 3934
2506 6338
2506 995
2506 9437
171 9302
1096 1909
2506 6055
2506 1946
7877 9302
6950 2655
2506 8297
2506 9225
2506 6188
2506 7932
3676 2506
2506 5115
2506 9033
6870 6950
2506 8037
7419 2506
2948 7736
9302 6990
6030 4857
4493 2672
5113 2506
83 1707
2506 355
2506 439
2506 4462
5017 9302
2506 9325
2644 4640
2506 1697
6163 4717
2506 5080
1507 2310
2549 6950
2506 8615
2506 2970
2506 8831
2506 9307
2506 8011
9302 5304
2506 8217
2506 2445
5481 5860
9302 662
2506 2789
2506 7459
2506 5601
2506 1051
2506 7024
2506 4545
2506 5026
2506 4627
9302 6777
9302 3692
8730 2506
4251 2506
2506 1292
2506 5287
5206 2506
4579 9302
2506 3106
2506 6399
2506 8290
2506 3620
2506 380
6119 2506
2506 8570
2506 10
2506 9394
2506 6421
1771 2506
2506 1315
2506 7719
9302 8360
2506 8449
2506 6250
2506 3332
2506 7740
4032 2506
2506 7615
2506 575
2506 7433
2506 2407
2506 2055
8886 7050
5794 2506
107 1096
6151 9366
2506 8678
9302 9599
2506 6477
2819 1683
196 2506
4516 2634
9550 631
2506 6946
2506 869
3152 8399
2506 1149
4734 2506
2506 2437
2506 5915
2506 2961
2506 4120
2506 6851
2506 2683
2506 8388
1507 1298
6186 8627
2506 577
2506 5078
3574 4785
2506 4172
2506 4001
2506 4155
4785 4036
2506 7647
2506 1696
7918 9243
6186 6714
2506 2010
5542 9302
2506 5356
2506 5839
2506 4755
2506 2996
2506 7739
2506 8548
2506 5387
8983 5518
2506 3822
5020 9302
9302 6156
2506 8106
2985 2506
1507 1278
6950 5761
9302 8083
2506 8925
8104 2506
7905 2126
2506 5531
2506 8004
2506 932
2506 8623
2506 407
2506 8892
2506 5962
2506 1830
2506 7194
2506 7821
2506 2740
2506 498
2506 2870
1303 7097
2506 121
5194 4680
2506 3478
4876 3048
9523 2506
2506 5276
8341 2506
9166 2506
2506 2693
9302 1166
2506 9431
8314 1808
5798 4960
2761 4570
2506 1452
2506 7711
9302 2457
2506 8685
4784 6093
2506 6810
916 8396
2506 3891
210 2506
2506 3530
2506 8951
2506 6798
2506 5701
2506 8547
2506 6554
2506 8879
2506 8579
2506 1600
190 4795
2506 7100
2506 1054
2506 7045
9391 2506
2506 9245
2506 6499
2506 3844
2671 1453
2506 1186
6237 7043
8057 1296
2506 5157
2506 680
8983 8356
9020 9302
2506 3747
87 2506
2506 5141
2506 3359
5802 2506
7777 5069
2506 1328
2506 1967
2506 7695
2506 1866
2506 6961
2506 7381
2506 2635
2506 3084
9302 1232
6653 1656
3162 2506
2506 7268
2506 7395
2506 393
4994 5872
4245 1231
8632 2506
2506 5253
2506 476
2506 4248
2506 6478
2506 982
9302 9303
2506 6075
2506 6500
2506 3903
2506 7119
786 2506
4785 1482
3048 6932
997 3608
9537 2448
2148 2110
4374 2506
9276 2506
4143 8016
2506 459
2506 5726
5120 5810
2506 7845
2506 4413
2506 7281
2506 2584
2506 1535
9302 4403
3138 2506
2506 6028
2506 2015
650 2506
2506 4419
3226 4985
2506 7663
2506 7896
2506 4971
8886 5840
2506 8418
2506 5789
868 2506
8537 9302
1096 7978
2506 1387
5481 3197
2506 3439
2506 7147
2506 4224
2506 8301
788 8744
3365 3816
2506 2630
2506 3787
2506 4391
3664 2506
2506 7335
2506 8298
2506 5551
5481 8440
2506 946
8451 2506
8564 2506
8278 7506
5524 7102
2506 2070
882 3616
6114 2506
5275 9302
2506 9192
2506 4182
8210 2506
8773 2506
1464 2506
2506 5507
2506 3306
8343 2506
8592 9462
2506 8108
2506 3771
3524 2506
2506 5146
2506 8247
1380 2506
2506 1637
2506 6275
2506 8214
2506 2207
2506 2408
2506 6868
2506 9321
2506 1399
2506 3521
2506 6475
8744 9302
9302 3167
2506 4940
238 2506
2823 7054
2506 5832
6488 9302
2506 5012
8728 2506
2506 397
3984 6613
2506 1729
2528 2506
804 2506
2506 2562
2506 1502
2506 2632
2684 9302
2506 9300
6656 2506
6229 9302
3322 2506
3939 2506
4430 2506
2506 2955
2506 4604
9231 9470
6801 2506
3095 7822
8829 2506
9322 9302
2506 6701
7967 2506
6681 9302
7981 2506
2506 1860
2506 7584
2506 4389
2506 2215
2506 8801
2774 5328
2506 4774
3308 6507
5798 6580
2506 8647
2506 4062
2506 9246
4785 9274
2506 4508
3418 2506
7794 9302
6877 2506
2644 2781
2506 7766
6047 2506
2506 2555
2823 2506
2506 6493
5161 2506
8888 3476
2506 1144
2712 799
2506 3139
2506 8626
2506 8571
2506 4841
2506 1494
5767 2599
2506 5205
2506 1160
1898 2506
2506 6552
4246 3929
2506 4833
2506 3204
2506 9250
2506 2776
2506 659
840 5194
2506 5306
1924 2506
3667 8699
2506 8193
8638 6950
2506 4357
9302 6136
2506 2089
2506 1628
2506 1496
2506 912
2506 7522
2506 4952
2506 2780
2506 8809
2506 1075
2506 8917
7582 2506
3933 2506
2506 2990
3616 2506
2506 5803
239 2506
2506 2690
2506 7790
2506 290
2506 9528
9302 7351
2774 5222
2506 7882
2506 5707
2506 8531
2506 1706
2506 261
2506 1311
2506 3518
4761 2506
9302 618
2506 6010
2506 7096
2506 3558
2506 4615
5314 2506
7717 2764
8463 94
2506 480
2506 2499
2506 609
2506 2857
2506 3826
2506 2541
2506 2185
2506 9159
2506 8473
8743 3230
2506 2204
3993 2506
2506 2086
2506 4721
3928 9302
2506 4454
2506 2084
5718 9302
2506 1370
6262 2506
2506 2696
2506 5974
2506 5576
5194 16
2506 5243
2506 3765
2506 334
2506 7706
2506 3985
7671 2506
2506 3773
5910 2506
5088 2506
2506 1202
2506 5214
2506 6368
7222 4553
6216 2506
2506 1308
8886 397
4648 3474
2506 3529
2506 4590
8314 5011
2506 6556
2506 8714
2506 5817
8863 6030
2506 8134
2506 64
8103 2506
1748 2506
7988 2506
3963 2506
2506 791
8474 2506
2506 7520
2506 8842
2506 245
8717 9547
2506 484
988 112
2506 1910
2506 2942
8413 5033
2506 509
2764 7544
6030 4825
2506 8479
2506 6921
2506 4349
2506 2309
2506 2291
2506 8586
2506 7028
2506 389
2506 6322
2506 7682
2506 4690
2506 9273
2506 6915
9622 2506
2506 7214
2170 2506
2506 909
6302 9537
5798 7043
2770 5694
7592 9302
2506 8204
2506 5063
2506 3872
8741 2506
1536 3929
4670 2506
6956 2651
5481 7011
3861 2506
2506 1801
2506 2731
2506 375
2506 1567
8278 6287
8348 9302
8983 630
5013 7946
7465 2506
897 2506
6215 2506
2506 3695
2506 7656
2506 6697
2506 1817
5492 916
9302 6165
8886 725
1543 2506
2506 754
2506 710
2506 2316
2506 1905
2506 8090
2230 2506
2506 37
5665 2506
2506 456
3902 4341
2506 715
2506 1710
2506 272
2506 2355
2506 3790
2506 9402
2506 3880
2506 7897
2506 6703
2506 9405
2506 169
2506 5973
600 2506
4704 2506
348 2506
9482 2506
5166 2506
2506 2262
7763 2823
2506 1499
2506 6425
2506 7013
2506 8534
2511 1413
2506 1863
2506 1358
5904 2506
2506 4350
2506 8920
2506 415
2506 7436
2506 5621
5684 2506
2506 6225
2823 9055
2506 3961
9302 8677
4792 2506
2506 97
2506 639
1123 9065
1138 4620
5655 2506
2506 4863
2506 2033
2506 8344
192 3110
2506 918
8744 8744
2506 3059
2506 6228
2506 4610
2506 4431
2506 8668
8088 2141
5481 2194
1044 9302
6046 2506
2608 2506
2506 3830
2506 5202
2506 1858
591 2506
4688 4717
2506 5851
2506 9569
9302 5692
2506 3380
2506 2954
8484 2052
2506 4814
5537 7701
9302 4150
2506 5145
7585 9302
2506 7825
8314 6876
2506 3885
9302 7429
2506 2210
6030 4279
9302 6881
9302 1558
6132 6973
9302 1146
2506 756
8856 2506
2506 4348
2506 7792
9537 2899
8221 2506
4245 2506
6612 2506
2506 2650
5647 2506
8413 3864
7742 2506
7857 2506
2506 9503
2506 1544
2506 4210
2506 1267
9302 9492
2506 713
2506 3959
9302 8351
2506 9262
2506 7061
2506 9508
2506 6131
2506 5462
2506 3890
6030 3845
2506 6545
2506 656
8983 2421
2506 3703
3673 2506
2506 1994
2506 4842
2506 4392
5548 2506
6912 2506
2546 2506
2506 3720
2506 6609
2506 8715
6319 7003
6083 1507
2506 3827
2986 8769
2436 2506
2506 2208
4974 2506
4611 5798
291 2506
1603 2506
2506 692
3152 8899
2506 1338
2506 7863
2506 9075
2506 5659
8966 2506
3108 2506
7603 2506
7178 2506
2506 9606
2506 5947
2506 2623
3505 1507
2506 1397
2118 2490
2506 1622
2336 9302
2506 753
8981 2506
2506 2006
2506 5777
4629 2506
2506 1509
2506 2419
2506 8433
7814 2506
7386 9302
2506 4972
2506 6111
2506 622
2506 4255
3756 2506
2506 7778
298 2506
2506 8078
2506 9561
2506 3443
9302 3482
2506 1021
2506 7158
2506 8540
2506 8754
3534 2506
2506 9554
2506 6902
2506 9086
2506 7180
4399 2506
2506 3128
2506 7621
2506 1469
2506 538
9302 4614
2506 6509
2506 1153
2506 3318
4166 2506
2506 6555
3636 4164
2506 7998
2506 4211
2506 6650
2506 760
8314 4891
2506 1152
2506 7449
9302 6601
2506 6635
6402 2506
2506 4930
6163 8288
2506 5871
2506 8503
2506 2473
8717 4539
2506 6925
1108 2506
2506 5971
2506 784
5798 2162
2506 1086
2506 5994
3702 9065
2506 3627
2506 7029
2506 7986
2506 7894
4801 2506
2506 4619
6951 8456
2506 2648
2506 4826
2490 9302
3796 7725
2506 5383
2506 1526
9302 6458
6135 2506
2506 8635
977 2506
2506 5002
2506 3540
8314 8123
2506 4081
2506 7251
2438 2506
2922 2506
2506 2757
2506 2193
2506 7146
2506 9258
2506 7628
2506 362
2506 1934
2506 6745
2506 1432
8465 2506
9302 1712
2506 2397
2506 5299
2506 3910
1507 821
2506 7876
2506 1818
2506 1573
4552 2506
2568 6514
1757 2506
2506 4736
2506 8081
2506 8093
2506 7374
5194 6118
736 2506
2506 4666
9343 8413
2506 5954
2506 8876
483 8456
2506 5508
2506 139
2506 1688
3616 2446
2506 4028
2506 6109
2506 8403
2506 5102
2506 2724
2506 1317
8057 339
2446 5282
4956 2506
2506 208
2506 6889
2506 2545
2506 6692
2506 6827
2506 4231
9302 378
3336 2506
2506 1630
2506 3159
2506 5683
2506 602
2506 2698
8456 2492
6062 9302
2506 8987
3899 2506
2506 1103
2506 7841
2506 1438
2506 2202
2506 5716
6030 1583
2506 1485
2506 4915
6683 2506
2506 8956
2506 2496
2506 872
2506 1756
2506 8492
2506 1861
3021 2506
2506 4476
2506 3670
1638 2506
2506 502
2506 1626
2506 1488
4870 2506
2506 5456
2506 6776
6132 6410
2506 5791
2506 3895
2506 632
676 5689
1507 8797
9302 2864
9302 34
2504 2506
6234 2506
2506 2929
2506 2442
2506 3014
3226 3701
2506 2354
2506 1290
3741 2506
8378 2506
2506 173
2143 2506
1897 2506
7426 5178
7223 2506
2506 5478
924 2506
2506 6369
2506 5030
2506 9193
2506 2417
5443 2506
2506 8705
2506 669
1022 2506
2506 5195
2506 297
2774 8142
2506 8727
8744 4171
531 7280
2506 4883
8983 4875
2340 2206
5282 5090
2506 4752
1139 7736
2506 9545
2506 4928
4785 6880
2506 9220
2506 1610
2506 5185
8150 2506
2506 8026
4785 3906
2506 2577
5082 2506
2506 6720
1733 9302
2506 3157
2774 7014
2506 1493
1476 2506
8314 7370
2506 2494
2506 5371
2506 6232
2506 5111
2506 7754
2288 9302
2506 405
6155 5204
2506 5948
5191 2506
3365 5505
2506 8036
1806 5653
9302 9214
2506 2799
2506 5863
2506 5723
7517 8599
2506 5453
2506 5592
2506 5106
2506 9251
2506 9044
3105 5194
5990 7999
2506 9326
6314 9302
3967 2506
2506 560
2506 5669
2506 3393
9302 4846
2506 2300
2506 9007
8960 9302
2506 1799
5324 2506
1507 3557
2506 9288
2506 1823
6132 3075
2506 2921
7371 2506
2506 5350
2506 7053
2099 2506
5886 2506
2506 3369
2506 6680
2506 5038
4394 2049
2506 1330
2506 427
1468 2506
5798 1933
2506 6945
9302 7467
9302 466
3984 420
2506 7576
4831 9302
2506 7285
2506 4338
2644 7676
2506 2984
2506 5378
2506 798
4143 3616
2506 746
2506 668
2066 2506
5194 5437
9475 2506
2506 4426
2506 5168
2506 7708
2506 743
2506 2938
2506 7874
6160 2506
7515 2506
231 2506
9302 2610
3601 3096
2506 3694
2506 9079
2506 4479
2506 4984
7991 5862
2506 474
2506 5420
2506 7749
2506 6928
6760 2506
2506 5946
2506 611
2506 3104
2506 2319
9537 194
2506 9337
3048 5595
9302 219
841 2506
9385 2506
2506 4013
2506 866
158 1979
7043 7705
2506 324
2506 5447
2506 4041
2506 296
2506 5208
2506 7514
2506 2403
2506 4468
2506 6129
2506 6227
2506 2165
4330 2506
2506 4777
7379 2506
2506 4653
2506 1256
7680 2506
2506 9490
7423 2506
7044 2506
2506 1813
9302 3510
2506 8706
4097 2506
2506 5260
8983 9282
2506 2641
2506 3200
2506 8355
2506 1105
9302 2197
2506 3436
2506 3931
2506 1839
8812 2506
2506 2122
9372 2506
4672 2506
2506 3291
5282 8174
2506 7589
2506 598
9302 2068
2506 3782
2506 1931
2506 3082
3976 2506
2506 5517
2506 3064
2506 828
9058 2506
2506 2571
2506 4959
6507 8581
2506 6723
2506 5405
9302 3696
4489 9302
2506 1348
2506 5972
2506 9491
2506 6576
6132 5101
2506 6525
2506 2233
2879 9302
2506 5384
2506 6064
2506 7543
2506 6924
2506 3522
1738 2506
2506 5909
2506 8254
8314 410
6132 6594
2506 7862
2506 9531
2506 6095
5194 7346
6349 2506
7715 7030
5481 5975
997 1769
7569 2506
2506 3742
5320 5894
9302 1422
1057 1273
3660 9302
3131 2506
2506 4113
2506 7113
2506 8256
9094 2506
6030 6907
2506 7568
2506 227
9340 2506
2823 936
5594 2506
6431 1096
2506 1906
2506 1223
2506 1811
2506 2619
2506 1793
2506 965
2506 1795
7010 2506
2881 2506
2506 3784
997 7883
9302 8393
676 7427
9302 5941
8738 3152
2506 3862
1309 2506
2506 870
2506 2878
2506 1024
5779 2506
2774 2729
6977 2506
7494 2506
2506 7022
4312 2506
2506 6241
7831 6030
2506 2060
2739 2506
9537 4899
2506 9512
2340 5593
2506 3565
2506 5618
8203 1507
7829 2506
6132 5074
2506 4695
2506 6746
9302 7148
9302 3148
528 2506
2506 5714
2506 7400
4236 2506
2506 8605
8314 5679
2770 2673
2506 6099
9302 874
2506 8107
2506 5600
2506 4102
2506 4502
2506 5703
2506 6437
2506 1668
2506 7784
2506 5793
2506 8968
6044 2506
2506 6214
2506 6974
9332 2506
2506 4080
6205 2506
7889 2506
2506 6429
2506 2064
8128 1437
2506 7895
6030 5042
2506 2474
2506 6787
2506 2935
2506 9092
2506 6589
2506 5566
1592 2506
2506 4365
7009 1596
2506 6015
6163 1554
2506 7526
2506 7177
2506 5055
2506 2639
9302 1512
2506 5104
2506 8793
4235 2506
6950 7073
7336 9302
2506 3092
2506 4361
9302 6417
2506 1085
9302 7640
2506 3615
2506 6309
6869 2506
2506 8732
2506 3350
9454 6276
5829 2506
2506 8929
2506 3503
2506 3736
9302 1959
563 2506
800 2506
750 207
2506 4859
9538 2506
1507 3677
2506 4309
8484 535
423 7289
2506 6236
2506 4249
4785 2529
2506 1055
2506 5814
2506 8813
2506 3074
2506 8149
2506 1410
2506 2098
2506 4879
2506 3364
2506 6026
7403 2506
2506 2030
2506 5469
2506 6384
2506 6197
6030 4304
2506 3633
8419 2506
2506 4705
2506 7997
9537 2793
2506 6596
209 2506
2506 6019
2506 1755
4325 9191
2506 4009
2506 2586
2506 8483
2506 1732
531 9121
4262 2506
2506 6436
2506 2051
4012 3168
2506 1219
9302 8765
2506 4314
2506 7858
2506 4995
5816 5333
4341 3521
2506 8019
2506 2331
5580 2506
2506 252
8983 3700
2506 4553
2506 274
2506 3348
2506 3817
4723 2506
2506 8166
2506 5480
2506 2652
2506 4315
4105 2506
7979 2506
2506 709
9302 3110
2506 5362
2506 1133
2506 4446
2506 9084
2506 8955
2506 9116
2488 8314
2506 2279
4438 9302
2506 8698
223 9302
2506 2259
2506 614
2506 4159
2506 732
2506 5530
5194 5117
3337 2506
2506 7418
2506 9278
9302 6582
2506 8823
2506 3448
9302 7364
2851 1618
2506 7473
9302 1950
2506 5486
6030 3085
3674 7243
2506 9593
1879 2506
2506 4993
2506 7884
2506 7834
2506 1726
2506 8461
2506 7225
2506 9255
2506 7565
9302 4589
6528 8314
7171 2506
2506 6647
2506 3186
2506 3007
2506 8991
2133 2506
2506 6392
9302 3690
2506 1130
7777 4023
2506 1042
2506 361
2506 2325
2506 7943
2506 6573
7705 4890
2506 7677
2506 783
9302 8358
2644 6865
9302 6382
2506 8583
2506 5639
2506 1355
2506 6282
2506 5646
2506 142
2506 1304
2506 7444
2506 5290
2506 9369
7701 5537
2506 1761
2506 6617
2506 4646
2506 4223
2506 3146
2139 2506
2506 4247
2506 4441
