6234
7534
1962
7715
9563
2844
5321
8363
3374
2603
5192
1551
1322
967
6781
6597
7969
5562
4448
8849
319
4649
6592
6673
4292
5104
291
1603
5280
7700
8169
698
4994
8529
2861
6142
5121
3675
2475
7426
5010
7778
7675
7553
3136
5413
4781
3690
1384
4222
1647
1193
1612
5518
5557
8652
2005
8954
6448
8792
5991
2198
3483
6230
806
6306
7334
6683
9017
517
8056
2392
44
2424
7560
9339
2249
8716
9061
5979
9067
5525
2927
7636
4235
5254
5854
7060
7021
1728
8454
2226
4444
5367
4467
5263
9151
6492
7141
7274
5020
3200
8355
1108
991
1319
4822
2771
6838
6182
7612
8377
6767
2828
7016
6756
9614
7088
9106
1988
6420
8247
8220
2974
7175
1245
4329
1158
2590
3544
6450
4754
2478
9630
5746
6643
1831
4201
1378
2704
3447
4559
2657
7392
3657
1772
747
4826
3472
2872
6730
3860
1349
8030
3107
2516
6777
9149
6568
5846
1836
7236
2496
2577
3648
1771
8753
230
8845
1305
5155
8415
5806
7333
2164
5678
3024
7881
8786
984
7634
106
6256
8426
8276
3968
5637
2775
5913
1575
5698
3603
8940
7895
944
8625
660
6240
5111
6538
6116
3062
5738
1928
479
6202
421
3595
4302
9567
2781
808
7356
9604
7238
5989
2051
7686
2241
2289
8659
2600
8323
704
2154
7952
7602
9479
8388
7234
4990
5968
7812
4866
7485
8815
882
9037
5119
7597
6549
9373
3630
3669
6893
1567
5577
937
2779
8080
803
1274
6353
2946
8822
3341
564
4861
8863
8365
7493
5412
5659
6287
5226
5037
793
633
8846
905
7860
8952
884
9173
8969
7199
1750
5965
1215
1273
3069
3162
8057
4809
2973
8391
2579
3484
4169
6726
3678
4525
1036
7346
2555
1842
5239
1482
9113
9355
5059
4123
5270
695
3501
2576
4845
7287
5774
4285
6797
9114
1197
1227
859
8982
746
6131
9066
442
4961
6875
488
6200
9223
6536
8703
7300
3533
8150
1267
2216
1260
3859
3724
8892
3476
7539
2860
2377
4211
5441
7491
332
2083
6823
3734
9103
8178
1346
7742
7324
3366
4883
6986
9218
1920
7463
337
5215
4
2877
1465
5123
4703
4817
531
1457
4523
9256
2941
8886
3915
1228
6162
5722
841
7762
1065
3180
2252
2620
236
6746
7821
2740
6237
4865
7652
8521
2640
6362
7732
1285
4854
1431
9190
5188
2144
4970
1982
8735
3190
8074
5065
7968
1182
2278
480
4955
8887
1851
4715
1474
1558
3478
1922
1348
5972
5499
8938
1244
9501
9040
4613
9513
4227
3225
5442
6979
9196
3035
778
2185
7135
7721
3541
5572
533
2510
8641
2045
5227
6619
1707
5716
7902
711
6000
3597
4401
6265
329
5361
9150
9281
7709
2919
5189
9504
4502
8325
3408
4625
4863
1535
3655
6873
6737
929
5869
6528
5756
2909
143
4894
2415
6416
2347
3141
8452
2001
5626
17
6991
3194
4403
4014
1406
323
8425
6358
4948
7044
8548
6782
8507
8511
7681
4626
8554
2462
5333
7446
6472
1026
9484
6059
4565
2089
1628
7910
1938
8777
7890
7354
862
9091
7330
6521
5728
4340
8515
2837
630
6674
4852
8273
7697
3713
7674
4509
8303
7452
715
3292
9192
4182
7218
5575
2558
8444
1403
2742
6729
4220
3261
5127
6100
3412
8311
9087
977
8156
6109
3534
262
5732
9242
9583
9441
7159
1073
7489
7455
2922
23
2297
2884
4273
7329
7629
1965
8097
6155
8381
7381
7850
5841
2420
5316
6640
5949
140
4366
8091
1063
3771
9015
7015
3369
4324
6588
6985
7802
829
5484
3945
2724
1792
5623
9002
7651
2358
3819
4891
2065
2207
6518
9169
1717
6753
8043
675
1450
2007
6135
2805
1238
5705
7150
3142
9030
4081
3489
5449
6964
241
5608
4452
4400
6589
8547
5198
1183
4727
1782
9461
996
1948
6361
1117
2321
9060
2673
1173
8238
7471
961
2873
6681
5655
7042
2022
5389
6725
4749
957
6598
203
142
788
763
565
7535
9589
4122
4377
174
4926
4180
3260
3733
2373
2718
5652
6317
7631
4507
3348
2630
217
7039
4956
9548
3592
1604
6641
9043
8200
4936
5697
3281
1329
4843
8717
7816
3424
3796
7066
8821
866
5737
5167
2639
652
7787
6804
4280
6105
5110
7414
1537
9039
1092
7825
4753
654
4284
6006
3526
4532
1675
1313
8779
3471
7819
5355
1432
7336
4737
9387
9342
4317
7008
7453
1973
2968
9084
946
6401
3696
943
6334
6552
8481
8595
8129
3150
1321
8053
9271
7320
4935
7121
9109
6389
8421
6505
3986
7023
7122
3139
6869
710
8090
8506
4026
8560
2557
7876
1818
8708
1090
860
8936
2238
9053
1630
2836
1437
657
5406
2479
7093
1364
3042
6676
3704
7283
4040
1601
8285
2874
397
3753
6981
5101
3322
9499
5405
6881
7433
2096
639
7845
6289
7281
314
61
1237
1530
5470
2547
7178
30
6203
2258
5691
3570
7280
6112
8578
7773
743
8826
628
2359
968
7270
8528
3288
6335
5384
6064
9010
584
3007
3861
4189
3604
7808
8979
9431
4757
4344
8871
5359
6293
1550
342
7425
2171
4219
2032
3059
8781
2714
1759
2437
4472
5660
8370
1121
3247
7151
8235
900
3699
6281
4548
4175
5682
26
4328
4402
8550
7841
5129
3897
7503
7056
988
5419
2275
2295
1276
4530
7692
7749
7516
2196
1198
5950
6840
3006
1517
8520
6340
8241
2103
2173
2839
7714
414
580
2918
6972
2563
6355
5784
5481
928
8811
9503
8108
7464
901
3049
4195
5317
4838
1814
4831
877
2227
2230
7447
5778
7398
3473
3931
2350
4880
8095
8627
4739
7533
2761
540
7022
3992
8482
4855
6550
313
306
5554
7695
7484
4724
3944
5699
4257
6008
7528
6018
5177
8551
3618
7783
7165
153
4888
9270
86
9512
5866
6017
9062
462
1251
2019
1927
2058
2784
6192
292
3044
810
2760
1383
5396
2707
1129
5668
4634
1175
8023
393
1000
3285
5721
5128
401
4969
5707
8882
4563
2175
9200
8909
625
2093
7139
2081
3749
8379
407
6971
9332
2543
5492
4868
4639
3783
6557
777
5084
892
9321
6143
2535
2790
4228
974
5550
7964
5962
2807
6224
208
1974
2668
1618
4127
3100
3700
1358
8904
9450
115
6817
2527
6905
7454
2486
8357
2098
297
5725
9377
4840
6198
5569
8120
2305
7523
7408
4003
8449
7061
2031
4573
8173
1696
1822
1116
7166
5938
4341
6603
340
499
7337
3302
1817
2811
3998
9386
5772
5337
3805
4692
1040
6104
9057
3799
2378
8510
3924
7752
2917
1054
8360
8346
1226
7935
4800
9447
1642
8988
2800
3380
3840
9608
8766
3073
8327
3491
3602
1394
4795
3910
3130
8975
7630
5045
433
6623
5207
856
7519
2456
4163
8028
5906
5480
5106
3283
8617
7883
4650
5892
5050
3525
5762
1509
4364
989
1064
6134
6795
1877
6941
5651
7771
4115
9254
6020
4491
8796
2929
6309
3668
6786
4974
9455
4731
6935
1762
6898
7610
7999
5936
6616
7348
4012
4333
2210
8414
4624
1609
1611
1137
8984
8098
3684
9203
3756
2445
3477
6903
5016
3882
7011
3977
9456
6046
7431
2326
2521
8263
5015
7746
2078
1784
108
5260
300
7361
2705
2471
5018
7
2709
4975
9433
4574
6413
1172
88
2003
1449
6376
154
8250
1739
4325
1993
6595
3766
310
7380
3175
9535
5842
219
6500
4495
6809
8653
7430
8807
7576
3334
4821
1417
4036
8730
8055
5490
1282
5212
5704
240
8475
8406
6263
7659
5615
4645
4461
2767
1433
5692
976
737
1100
720
9097
7545
3887
3566
6163
2454
9575
471
7736
420
5517
7649
9262
8774
5022
5305
6161
8664
4086
2924
7915
7734
7415
5403
415
4850
8413
3870
3649
6883
4615
7257
6485
1727
7767
4256
4488
1196
1634
7788
7996
4687
4381
8144
7984
599
7967
5187
9031
5871
7669
5122
2080
4152
7424
4835
3096
7400
8577
2560
3640
4101
2656
6695
7529
1689
1632
4298
8749
4604
48
4651
3112
8111
3622
8875
2925
4912
1508
2887
642
1360
1538
2989
5319
7379
4985
2693
7202
4096
1239
9574
3356
4190
4534
9247
7600
7713
5500
9471
3249
2300
9080
3455
3867
9045
6710
8698
8104
3635
4017
5594
8855
874
8078
659
77
2293
5044
6342
1120
6185
1921
2915
8677
7547
4755
2996
2368
1382
5205
8217
7076
3596
775
2336
9393
7833
5862
3912
9287
4351
2432
5641
6042
1979
714
447
3549
9620
4733
164
5843
4792
5067
3298
6433
6564
4362
5954
3994
6299
4501
7745
3386
8901
8218
2588
4607
3707
1024
9136
6479
3916
6367
7259
7627
7457
7642
7198
9510
5040
4174
2688
2539
6331
4110
4723
2192
7607
3218
7557
2780
8809
6366
8180
1850
4929
1430
2400
7212
8115
2962
316
1891
1328
1967
512
6397
7371
4165
2649
6292
9400
9228
5589
4828
5013
2616
6210
4710
5144
4844
8656
62
8151
8762
2814
2314
2137
792
8386
9597
8187
9063
5543
476
6348
1549
129
8532
8853
4543
4209
4015
9379
2273
1629
2409
1986
1956
8027
2189
232
352
2138
1204
6670
9193
4867
11
4331
3884
8947
343
7848
7512
7875
6463
6476
6626
7826
7231
1277
6858
4069
4462
9290
6057
2820
502
4194
1585
2084
2788
3651
8073
2766
796
8836
4899
6978
2537
1767
283
6044
5654
8841
5440
5731
8721
1284
6483
7422
6660
1949
6800
8456
4691
6428
5256
4066
4121
3095
6221
833
811
1391
8771
7134
7467
4858
1428
1543
8453
9286
1870
752
5363
5860
5948
2748
8785
477
5515
2832
9019
8880
4869
9337
9606
5928
6296
186
6445
9364
366
1761
2040
3005
9162
5450
9112
4396
632
3844
7665
1591
2636
7217
5285
4336
7676
2858
2633
5145
8739
4914
3643
4962
6160
5247
3450
3967
6461
2822
7633
2023
4390
2567
1652
9442
843
4041
1397
3832
4791
2818
5061
966
3488
4992
9416
6208
5133
3214
8913
2985
4895
8052
4643
3456
7828
1068
8912
9360
5710
4730
5158
1323
9105
7377
4289
9307
5451
5812
6403
5052
913
8464
4745
2843
8211
7284
3093
9443
7774
5004
8219
6186
1340
8408
8479
4429
4776
5541
91
8828
1977
4702
7106
5261
3702
6762
7094
4818
9065
249
6702
8516
3583
6529
7112
1171
3739
411
1468
8534
3362
828
4930
6013
2749
5079
8741
4670
4918
2472
5939
4519
2698
2291
5276
4196
8428
383
1115
5574
5382
1500
3854
7708
1946
1206
7997
522
3638
3492
1734
9496
2716
4623
3174
6647
6417
4846
7640
2470
7385
1037
7892
6576
8596
9556
4395
3037
5418
7196
568
5662
6393
3231
9127
3716
206
7932
8152
5529
9605
120
1826
7856
609
2857
138
6953
8359
1744
2777
1670
6870
2812
2601
1249
3067
712
7205
6437
4829
1429
2463
8270
8903
1700
2629
9372
4672
4124
7365
7229
8333
112
8087
2107
8071
1731
9516
3280
4117
1157
6743
6052
515
1528
6970
5048
1721
3226
1698
9184
6242
2446
6473
4506
869
8472
2663
4212
9216
4991
4192
2416
5631
244
6531
5507
3306
5807
3575
6849
2355
6460
5930
9144
3063
9361
6599
122
9004
1473
2130
2608
6791
7053
8776
6966
6936
1598
559
2492
1021
8193
1051
8033
3060
6818
5527
8572
46
5895
3278
6760
3081
9582
2287
4321
7959
1637
7308
4232
8816
151
5455
1307
8575
8148
725
9465
6269
883
1289
7423
3995
5679
2801
9388
7417
7321
6892
5700
2575
169
5091
7213
6571
7723
3538
4949
6648
3213
1671
5912
4050
289
8570
2274
9204
228
5423
7478
3122
6890
3674
3132
853
1094
9354
5241
8842
8925
3898
1052
4308
5766
1011
3395
2194
1708
5849
6076
8383
4249
2366
4921
8885
2100
2988
545
3842
5392
2998
9572
9367
1483
2692
2691
3457
5422
5834
8417
6284
3074
2542
3803
4128
7644
1401
3068
3235
5831
3018
2888
5689
794
6271
5251
3653
6212
1203
2984
7169
2623
960
3556
2631
6288
7256
541
507
1908
9303
8230
1584
8680
8443
6913
5491
1811
53
4155
5071
1987
3239
5673
6583
7207
5456
8879
8905
6073
19
2476
8045
1764
1810
7542
4345
2512
5942
9008
5467
6579
1654
4898
8907
3075
1471
1132
4421
9559
4313
4484
166
3743
404
2999
4657
9375
5884
6491
9550
8878
3951
6718
5919
1318
7656
7263
3148
378
7813
8831
7123
4814
3715
683
8003
2429
8186
4606
1913
1578
7738
435
5516
1572
9016
5538
1476
2271
4689
7458
2245
2438
5003
1783
4600
7747
2628
9095
506
6218
3151
4777
5775
1494
1004
543
5720
1351
5675
5147
7688
269
9449
3523
8752
4033
9049
1327
4631
6031
2569
6653
5443
2789
3393
3588
734
3023
2878
1308
4318
7601
2451
8431
7840
8488
2564
2449
2283
8537
389
4874
8304
621
1146
9624
6658
2762
5502
9243
3134
6019
5053
9348
9178
8429
2299
1333
6040
758
8748
4218
1396
3383
927
3873
1388
899
7317
459
5726
3950
6672
5168
1871
402
3650
638
8339
5424
9322
3444
6911
909
2912
4404
3034
2574
7110
1246
7483
7731
6720
4605
2664
6770
2851
1807
2585
8459
1959
6324
1275
2049
6766
8972
4045
132
8051
2199
2669
5349
8139
258
125
5552
5542
7254
1501
9005
2559
4021
8086
7925
1738
1180
1975
408
7048
8890
3462
4514
2177
3692
7527
4353
2666
5565
5216
8931
3825
2129
3185
7722
3221
4774
7838
2387
4837
9252
8373
9121
886
8204
8685
7510
5640
3156
1170
3255
7555
4892
3003
2598
822
7265
7578
5533
286
4628
3631
676
4264
7451
1758
1411
7620
4113
4106
8945
6750
5804
8369
7571
3246
6645
4061
4476
9211
3056
8239
1803
5100
2885
2681
6465
1849
2544
8119
8705
13
7917
8539
7985
1081
4527
3682
1503
4698
3409
6418
3820
987
790
8933
7228
2990
6399
5341
5336
4312
6233
268
9027
6400
6532
3590
1514
791
5617
8016
3940
4266
7047
9176
7804
5332
4006
5454
1255
749
8063
9474
4291
2936
2112
3499
1312
4016
3883
3454
3705
689
3922
8844
7332
8667
3479
4686
896
2059
9
1445
825
6555
290
9528
2423
4055
3133
9384
2621
6894
3072
3509
5837
5743
31
836
354
6038
1577
3351
4976
5326
2732
7530
8461
4198
3181
3616
2642
5200
3064
3847
6176
4409
7098
5245
6103
6741
9529
1798
7524
765
359
100
2370
5399
555
530
4905
3315
731
4358
4425
9491
6925
6769
8755
5352
5368
6934
921
4550
6247
736
8493
7803
8058
3850
2183
6541
7844
9525
3927
6602
1998
4878
8233
2372
4231
4582
2166
2116
8069
481
9347
1552
265
2764
6157
3661
3240
3789
1527
672
1353
1232
5002
4277
7384
8489
6841
4370
8837
9078
8364
8670
238
9578
4870
872
6253
688
87
1914
1082
8334
325
1257
5795
6258
3853
8870
2200
577
4706
1089
5290
2319
9369
4093
2270
911
2218
6159
6700
8269
8394
601
9137
6301
1441
8658
4696
6222
8435
2068
5898
201
3718
5924
2280
4347
7858
7754
4995
6983
6323
5049
5217
8671
1579
7830
863
1906
362
3010
4076
959
4950
8688
9209
1565
7835
2890
7707
1882
4288
2715
4030
5975
2950
4577
6687
7526
5791
8592
4207
374
4786
9427
963
3795
7375
2469
6661
8692
6251
7573
9018
2146
1613
4071
6481
9038
9568
4367
2056
8343
367
2184
8041
6430
6466
5471
3676
8646
1262
3889
4540
5597
3632
3689
1682
8446
4253
6590
3811
3751
2638
8402
9344
8788
3504
5407
3752
3212
694
1347
5093
858
1119
2320
9052
6846
2328
1377
4567
6050
3423
3371
4414
2898
7995
1650
4922
2963
7791
5929
983
4879
4068
4145
8804
4191
107
7058
8764
1726
2394
5462
3890
2382
5683
602
6751
7000
1019
5430
6352
6127
8545
9168
4261
605
7260
952
6973
3516
5563
1936
8439
430
1992
613
5308
1545
4884
7869
1252
82
4511
9181
3677
29
6553
2997
1547
4230
327
8665
6721
6085
903
6344
3687
4720
7027
8736
6137
2033
9201
1824
8906
887
2938
8297
5982
5987
5380
696
5802
63
8611
9625
2511
8818
5017
7017
2097
9154
9217
2995
7717
1134
9437
2815
5414
4426
5476
4782
6319
8519
9631
6924
8678
7428
8559
2236
3786
3482
6740
6311
5125
4419
2190
3451
2882
1236
7313
2798
8801
9033
2498
7466
7303
8105
4134
7456
9359
4250
2700
2524
780
6747
3960
3301
204
8125
2225
7366
7127
5794
1110
8684
173
8266
5813
5961
8757
8924
7099
3336
5136
2234
3346
301
7239
9278
8738
634
9514
8638
3443
7481
4423
3573
3791
7945
6123
6086
6229
3551
8487
5976
8358
6326
2251
5661
895
1014
3118
1607
505
603
7322
5602
3106
1497
6542
2349
1159
412
9581
8970
5629
8197
1247
147
191
7699
2414
7593
303
1325
1840
6940
7643
4451
8133
3178
8280
4427
3792
9540
1279
8122
441
2869
469
1359
43
6117
2243
7079
136
4057
9613
7153
4303
3385
1510
6980
335
2156
59
5546
5488
2214
3326
2417
5523
5606
9428
8531
1888
4070
4206
4811
3908
3508
5787
6696
2778
4764
3422
4667
6478
5190
7482
5596
7170
4073
8004
4593
213
1563
7846
9593
9306
2940
6480
2385
6447
2296
8614
1730
8109
9241
2331
7441
686
9521
2290
4931
9352
6459
6758
1709
7628
1020
8054
4197
6885
3418
2530
2439
3296
5587
7251
2696
5974
2172
7670
1405
552
3976
9050
8010
6622
338
769
5605
7515
6298
3485
8416
2796
3930
7766
2071
1518
6864
691
9006
6918
3
4796
9299
3784
6563
9167
6015
9534
6094
539
9429
8249
7399
5178
220
3512
346
6464
1997
6815
341
1192
7410
2136
7148
7305
3659
5138
3773
1821
3391
2316
8164
844
8747
6832
998
7645
7625
7662
6937
6765
2645
8049
2109
6581
1368
2240
2403
6129
1679
7054
4252
2652
4315
898
8076
9024
1753
503
5864
4675
5988
4437
1589
7224
113
4775
8382
3120
2753
8790
3849
5054
6739
3710
4680
2106
8331
2572
3587
8732
680
6565
9440
2568
8884
8955
2452
8110
1666
8827
2897
7980
7637
4671
3164
1875
1769
9021
4576
1109
9219
4741
3943
8850
622
4255
5532
2418
7953
699
9406
1627
2782
941
3327
3434
5278
495
4679
662
4102
6005
7436
5621
7315
3368
4137
7992
1389
1300
3137
3183
6612
9180
5439
1532
779
9164
8991
2632
9264
1455
1580
7606
653
4862
1136
526
5099
3555
8259
3397
4909
5742
2187
4632
7570
1755
1747
3271
6854
7049
7814
3754
8998
4839
5365
463
2904
6305
3996
4413
9424
7843
4763
2483
9622
7701
3259
8257
4282
7894
1479
850
9629
8722
8017
3046
1929
5197
521
180
3347
3586
5307
9189
5789
4269
3487
7733
118
1887
3230
288
7677
783
971
8580
8397
7102
1191
9533
5366
7963
76
8567
6855
2054
8778
6321
4037
5568
7314
7310
2237
5915
1664
693
419
6132
5970
5025
263
2848
5582
234
4463
4072
1304
3104
4411
2939
684
2050
1636
7071
1032
4200
3376
2284
6294
2706
8367
3935
8195
2786
5526
5639
4090
1897
8141
8951
3066
5142
1941
25
5733
4908
6312
7727
4259
4797
8997
6328
150
2060
1688
6990
962
6067
7760
1614
1330
953
4522
1608
2317
556
6689
5329
8868
5914
6347
222
7182
8106
6638
2384
130
2235
6733
9226
7561
4453
6957
3964
2902
6896
5393
6051
6644
7653
4236
1935
6530
5195
4248
6193
2388
4210
1243
572
2552
4938
6646
755
3620
6755
7117
6009
2933
4018
4617
6955
2702
5035
7037
1794
1690
3990
3125
1087
2687
4279
2651
6642
5005
7940
4940
5240
6613
2484
3518
3580
7737
3899
2813
5143
6048
8096
5391
6385
9035
176
6049
5514
8253
4832
7998
6994
3323
5153
3155
812
2747
8640
1339
2261
1605
8438
1966
2768
6010
7096
2407
212
1660
7565
34
6165
4420
1964
7741
9101
6496
9494
7125
110
7475
7132
3329
246
6889
509
2545
7549
1335
41
8393
4740
3829
8606
5684
3721
846
175
7931
2038
8926
2332
60
8471
450
5868
3038
9541
5377
6949
8686
1390
8761
2239
216
6375
1534
1144
3201
2604
3002
2419
7421
1795
8981
9588
3956
5160
8589
1673
3429
4629
7836
5055
9493
3117
766
1873
1023
198
5571
5094
7163
7679
8155
5435
3560
318
7370
1743
6388
7092
549
7128
1427
7386
8833
7174
8121
9107
7383
1797
2410
6
5709
3266
2085
6205
5551
1166
8167
1724
6043
2809
7242
5952
5400
3192
8371
8485
8145
9618
1596
3821
8959
137
2393
1686
2087
8389
7018
9399
2442
7909
5428
4510
279
1638
117
4091
3937
8366
4785
5817
5358
6350
1714
7710
1833
5170
162
4355
6172
6844
7168
5312
5029
1091
600
9562
2493
3265
640
1557
9555
2650
3415
8181
4136
7822
9554
1010
8897
757
4084
8542
6426
1149
3191
9391
2580
3282
2951
1435
7077
6126
4503
851
8466
767
7085
1103
1025
5881
5497
2916
876
3671
6285
5324
718
8922
583
3833
4295
452
7498
2079
3358
9048
2896
5409
135
762
4716
4721
1763
192
1625
2188
2345
5023
21
6435
9547
7184
372
4031
6089
3530
1061
7095
4049
8117
2817
6567
8668
8341
4673
5171
7911
6452
4971
4156
8034
7210
1125
5082
3841
3672
4674
7364
2935
1488
2731
5761
1492
1685
5805
2220
4806
5923
9591
8170
1080
9213
2016
2834
1858
7402
4011
9075
949
9325
9436
1370
5300
4770
7253
7116
1834
993
4732
8576
9362
4717
5870
274
3824
4913
7687
2340
9156
3591
3041
296
1622
1453
7511
8131
6704
7614
8140
8704
917
8962
8283
6209
1029
7657
3167
4251
3665
9258
1915
4079
2120
8422
8221
3078
728
7506
3337
8401
4923
6682
2503
9188
3831
8929
4790
1049
6170
8206
7407
1220
7517
4103
878
650
6001
2689
6180
919
9007
4348
3057
1283
5819
933
6839
4020
7387
3486
8706
742
454
2443
5717
7703
2360
3404
2398
6391
5460
7345
647
4166
4205
8594
4934
7036
8823
1662
8540
4357
8754
3584
7852
3730
5916
4244
6022
7751
4561
8876
6424
1846
8147
3267
948
5338
2272
2342
8214
2267
7867
7082
7035
6655
7376
2391
6458
6509
510
1816
3978
1070
431
8765
8860
8985
2529
7769
3128
1292
1324
453
3446
4263
3636
4761
7395
4652
3886
139
3025
8014
7785
1106
4900
6822
1776
2526
8800
1544
3274
5917
2128
2942
1931
5782
8604
9165
5360
1940
772
3768
1513
148
3080
2311
6969
1350
8324
7824
2751
6246
6516
748
4306
8075
4492
7296
1414
1443
3914
4521
2684
2880
1672
4019
5140
2853
4508
1886
6558
3328
7339
6468
6257
5901
101
7186
6077
1626
5701
8644
2613
7605
8478
8188
5461
8687
2659
7269
1344
4223
3146
1489
8549
3097
5175
8610
1793
7204
8672
970
544
1678
7538
3562
635
942
1043
1515
1248
5752
908
3762
6803
4608
6601
1978
5417
4168
6300
7594
2602
2491
3750
6631
3245
5345
2268
444
1539
9350
4368
9275
5777
7622
5547
7286
990
6697
6666
8675
5221
1145
1261
5248
4911
7702
3814
2827
7780
1131
2794
7006
8588
8974
5981
5592
2339
1258
6488
1012
9199
1202
5590
6559
7604
8803
4133
3615
8603
2765
6734
1150
5539
9326
8298
6857
8460
5311
4422
6995
2461
3474
7592
6874
8474
6173
875
6879
6111
1263
1393
3794
1022
5857
4373
5926
6813
8636
3170
8502
4904
465
73
6569
3243
8501
865
3248
4871
5927
8591
6907
6343
1005
3138
6921
9172
1523
3737
9074
3633
4350
8920
6669
4471
12
4181
2518
111
3901
5614
2987
6628
3153
3731
5909
7986
8254
5265
7461
7934
6926
70
4718
5011
6735
1668
3961
2719
2655
4700
501
149
915
615
8240
1827
6627
5463
8808
5540
3165
6609
3680
4286
5748
4597
5503
5149
5259
5354
1444
6147
1250
885
9102
3406
2586
3157
4610
7663
4431
8278
2930
8832
527
256
4681
6587
9421
2487
8629
8733
5237
7862
9531
3091
361
2203
2675
9401
3815
1884
5908
8492
1861
4010
5759
8299
3263
2464
1138
7411
1472
2077
7863
6620
8271
1659
3933
5340
1352
8983
542
2389
5339
1719
6405
6851
5266
4464
5848
8082
4043
6535
4449
6455
1491
2991
4346
1838
7416
1077
2117
2859
5877
6216
5229
7951
7470
8512
7879
3666
4592
3324
831
4199
8212
912
363
5075
6845
3888
4709
8867
4531
4812
5253
224
8458
569
5415
7355
167
1963
3238
6945
3494
4254
2223
5769
8244
5031
7063
8593
9374
3342
3993
6709
2041
1266
9142
5799
5925
8336
4907
9210
5302
3340
8029
3311
3188
9104
6863
5150
2611
3291
6574
9403
4647
9592
1395
248
494
6965
2
4023
8149
1641
261
7719
8499
1311
3469
7728
5378
3365
679
483
8840
4139
7624
643
4535
3697
7648
9468
7275
3683
5074
6364
8518
8252
7901
2528
8935
10
8136
8234
2124
733
975
2488
1943
4262
3565
1317
8990
2343
3085
2750
6411
5593
6171
2523
546
500
9158
3881
3723
7469
4701
1418
2928
3810
8994
2607
5694
5068
4245
4150
4654
2566
7716
2769
2723
4810
5489
2795
5364
5534
299
5964
807
9517
9272
9119
947
1802
6462
3865
8964
8601
3774
6794
7074
4591
9371
4089
2043
6167
7244
2637
6330
9003
3895
5599
8873
9161
5243
1889
8768
7832
8719
8305
6951
5295
8702
7930
832
5105
8784
1178
4965
7776
1841
6610
3244
5818
3257
28
6372
5446
5883
2397
4983
2411
3569
109
3866
2500
202
9506
8645
4379
3169
8513
2281
1056
1531
458
992
7397
3204
5468
1302
2266
5632
6901
7059
6705
4438
7795
9305
8205
8888
1104
4902
2323
3843
2180
2095
9134
2018
1320
756
7981
8565
5436
1680
8973
2425
6593
9458
6443
6021
6047
8714
2701
4489
7024
5199
5036
1291
588
3852
5937
2029
7525
8329
4354
548
5070
5951
5303
24
9215
2182
9147
456
3747
102
9340
5060
1853
247
7942
6982
7946
9376
7536
5296
6252
5041
1586
1590
5288
1781
195
4815
5374
2344
270
7327
3435
5292
3187
6744
4294
5174
7588
5995
3154
2549
1752
4275
4802
9363
9096
2763
7829
8473
9309
557
5703
2133
3272
3464
7089
146
6410
5856
3623
6607
54
9285
6204
438
3421
9357
8209
8865
7684
6078
5493
2312
8989
9220
485
702
6110
2086
2351
2507
2727
6968
3928
4184
1571
6932
7031
3955
8756
3629
1815
4009
6677
8709
5510
5672
3145
4480
3694
4176
5323
7069
4556
6798
7730
7113
3373
5739
1167
1676
6370
65
8112
490
3830
8328
5172
223
5735
1901
7806
390
3818
2159
7556
7908
1354
6130
3319
8083
8498
3216
6933
5437
468
4825
2868
2090
5046
1970
6719
1163
9206
612
2774
6407
7149
8620
5670
6867
722
6826
1385
9549
1139
5664
848
7328
2906
6546
3539
161
8159
2849
7772
7347
2489
2193
1780
1151
39
9077
6828
8024
3911
7798
840
6213
3686
7638
8900
7820
4416
160
8813
2262
982
158
8279
4386
6732
594
6775
1640
4359
275
3184
8569
2618
8921
2791
3193
8380
3554
9477
518
8476
4876
5021
2911
6316
2466
2002
253
9222
6270
4768
4270
3094
6337
7225
861
8084
7487
6026
8655
4726
5275
376
6944
9489
926
7302
9564
4465
6724
2324
3568
713
1402
6975
7541
6909
1706
4214
5997
4598
6351
8628
6877
8248
1862
4669
6788
2426
1923
5858
6304
7921
5007
4097
9422
38
1893
7124
7961
855
8042
7249
78
940
4374
8490
4636
317
5888
6534
5220
7532
2395
364
7278
3377
7842
4901
7432
6024
4475
4601
5087
727
8585
226
2401
9570
2758
4742
6764
446
6087
5897
1130
8812
1704
124
839
4946
2847
8728
8746
1524
3974
6107
4772
5612
1958
1787
3558
1516
6442
5431
5513
5634
6572
2944
4819
3939
5203
4538
7413
5183
5521
2061
4589
5228
8555
4641
4052
799
5157
7873
3973
8817
5076
2361
9473
2617
1498
3987
5236
1918
1069
1044
2279
560
7889
5796
8881
3524
6339
5107
1702
1855
2165
6377
1259
8626
2292
5459
9280
8856
9231
2337
9603
8457
2593
7291
1016
4004
6960
3264
6307
4694
1447
445
9301
9435
9160
9609
4424
4131
5369
6434
816
1876
8525
3929
2711
5411
3166
2330
1253
5027
328
6759
8480
7374
6685
1720
3776
7406
6371
2341
425
2810
81
2672
4798
9068
4587
2048
4478
6457
8039
1114
7180
2615
3109
770
4784
4644
3199
9166
504
5322
3857
5680
8729
394
800
3770
1521
4788
4942
7189
5649
8848
7927
7660
6556
5555
1808
6056
4074
3920
2975
2477
4945
272
5141
3359
5347
3607
5089
1423
3917
7240
585
6712
6088
3352
5713
1287
5416
538
2327
4500
3647
2536
7390
7230
5827
7219
7221
9141
7827
4539
8932
5438
7391
3975
7070
9054
3448
5038
1053
5776
9460
4473
2110
4568
4378
9346
6090
1712
7632
4240
3432
819
9191
3613
1684
2710
8941
2191
2866
1939
1812
3217
6149
3634
6245
5501
5179
6827
5993
2502
4483
6098
6888
5613
6035
1241
6942
6850
5469
6384
6197
2531
7252
2381
2499
8908
682
5230
8699
4147
8222
2276
6523
7698
6266
7081
567
3980
1644
3269
7987
6611
6742
4158
2413
3079
6272
4807
3601
8442
7126
719
1505
3732
6392
4038
5196
3500
7362
7289
2063
4924
9131
3755
7799
7223
5977
7073
835
4053
1789
5191
9238
1907
7214
1452
3958
3947
1343
6596
7748
1716
570
9047
1617
4637
7941
8934
8676
8441
888
2845
8035
2626
1003
2739
4566
1800
1703
3312
4968
4460
6624
7800
5024
4708
6380
9120
8946
9207
5452
1540
9333
1944
5956
3021
4683
6615
2686
1015
7262
3981
7171
4447
1562
525
6007
1667
690
8976
308
5385
214
1233
2981
4439
5718
42
4029
9553
1933
5210
40
5019
7331
4885
738
8737
5996
3099
7363
6002
1316
5154
3084
2506
7609
4415
6196
2468
2591
197
7678
1710
6408
211
3503
1361
1983
1711
9086
5026
7507
813
969
9594
6419
1326
4497
8734
524
9546
475
3047
6802
8232
2365
1422
8223
5585
8584
7569
554
4027
2286
2039
3664
2232
1480
6283
7136
6286
395
1635
936
5477
9118
2122
1469
6349
1806
3962
5758
9318
2338
7133
4034
4569
7084
370
5657
3972
8427
6363
1506
774
2160
7979
3318
7790
1018
9284
5485
182
2972
1669
7658
1687
8710
2965
3611
5779
8544
6917
5859
2960
7476
9470
7958
5832
6586
4756
5318
2660
3364
8727
6425
1078
7173
5958
2862
924
508
7770
7497
3237
6916
9177
3357
9585
6267
1209
1225
5466
2501
5117
849
5334
8284
7509
6768
9051
2685
2509
3353
5496
3363
6168
9619
5331
448
4082
1212
8514
8400
7167
4684
8469
9413
5351
8243
3089
5298
1754
1478
7477
4146
7789
210
5164
6630
759
4025
5863
7753
997
4734
5346
312
8660
9617
9316
5947
7667
2113
5273
2357
5896
658
3284
2554
8356
1162
7114
9430
5584
771
1095
6866
6451
2302
209
5132
5921
8830
4468
6227
5448
8135
8695
6290
3767
1980
4659
7137
4848
4595
8615
3498
493
9623
2369
1281
739
514
3241
5688
7306
7494
7187
5943
2447
99
1699
2948
2020
8093
5214
6368
3321
22
5267
9194
9042
5234
187
1749
4217
4450
8824
1363
7222
7537
6093
1573
4167
923
3663
8484
2647
1819
9179
1905
8780
7558
4989
2881
6998
7914
231
3250
1902
8142
3182
3268
6763
9313
981
1464
3382
9408
3004
4371
2455
8138
7891
9182
7439
4109
3907
1481
2978
1301
6297
6260
6930
9444
3022
3370
8251
460
3982
6806
1972
5745
1224
2167
9327
2923
1201
7350
1013
7080
6633
6220
8196
7409
7020
1495
5536
2263
916
2195
1804
9296
5734
3295
2556
8189
1190
3177
2594
2390
6547
7543
5994
7861
4054
5264
4725
2584
1932
8987
3564
5671
8409
3984
3497
3827
1860
7584
4389
2215
1102
4334
152
8914
6938
2092
8956
1748
6659
3598
409
2961
6012
451
2662
443
6439
5511
8573
1438
2202
6548
5051
3900
8026
6065
6524
83
8635
3578
6731
6895
3310
7052
5218
4999
973
5658
5558
9028
6856
3437
7623
2064
9483
3286
7474
7208
7434
6436
2494
999
5836
1098
3114
2186
2217
6512
4105
6928
8760
2383
2248
9257
3070
6511
3077
6119
5286
1126
864
1083
4430
3303
685
6470
7147
4224
6651
8597
5650
5289
4594
1242
4517
1746
2440
8342
1409
3309
6977
7450
670
3016
5798
8261
867
9466
8587
3660
8451
4979
1008
8564
1909
3919
4571
3316
6003
6848
4360
7589
3557
6515
6471
1484
8390
2772
1088
5570
7227
9396
7975
7718
561
6580
5973
6577
666
1194
8158
6061
3496
6784
1296
89
9587
1828
3772
4712
2304
427
8740
4656
4024
5618
5553
3195
5006
4119
597
566
2565
5255
751
3378
472
4808
4186
7839
8552
8682
4098
1499
3903
7750
8201
9452
3173
9576
636
1691
6421
7181
2825
6715
2322
2205
9451
5595
1533
1976
5825
1830
7194
1542
7316
2895
1729
9577
5619
4343
6504
4916
5730
9094
4767
9590
7939
2581
1837
7866
9508
1725
8207
9498
4283
4813
2729
3332
6250
8915
2570
8557
2826
6939
50
2733
1169
90
4752
9545
3658
4272
3740
1155
1475
3934
4274
995
8581
4436
3206
8950
8176
2737
6931
9351
49
1280
1576
551
5113
8673
1041
4246
8605
2140
6686
649
8072
2246
6102
7325
9236
3520
6992
2444
6164
8602
9527
4847
8174
1133
4149
1665
7887
5967
8999
8011
904
4771
9251
535
5839
6693
3985
7551
608
347
8009
1436
9163
2070
7705
9598
1867
7805
6922
5770
9155
7131
7241
9561
6862
9488
7595
7580
6069
3614
278
250
5920
4653
8857
7993
1880
7191
2553
1766
5955
1362
4736
7418
2460
8835
9083
7160
8412
7619
3645
3140
3320
3813
4458
6902
4545
4666
3529
4300
1456
7759
9237
2026
5729
3279
797
3113
9268
6440
3210
7590
126
185
4973
7344
2680
8405
4459
629
3561
6714
9358
6181
6274
2969
6071
1839
7900
133
2876
1735
2979
4330
6072
5193
2634
3863
5357
1400
94
7577
4498
5953
259
902
4132
3445
5878
2285
8387
6390
6668
8724
1074
8713
3802
6486
2677
281
7258
1835
8726
9185
3662
1866
4953
9310
4699
1060
3466
4164
891
7104
620
852
8806
6097
3742
474
4047
9627
2793
5755
3026
7086
8928
1341
1297
7282
5598
5656
6409
1425
5816
7247
4542
8085
5933
5899
8347
7019
282
8690
7801
5984
9476
786
7357
1856
6037
3777
5610
6429
1561
1692
871
6423
3605
5092
6654
4314
922
2495
4963
4216
1367
7991
2306
4260
4087
2294
3043
302
6146
5576
4513
266
5402
4646
4013
4751
3567
5801
8622
1957
5519
8362
3685
8465
1270
9295
4877
2900
375
8661
705
7572
3760
4897
3220
1786
6175
5085
3949
2329
6811
4750
6199
1624
5907
519
7025
2792
9557
3543
4445
6325
4622
6004
834
2824
3983
9058
5281
4241
5512
3698
3952
8669
8177
8798
3228
8500
5112
103
823
6314
9558
7273
1156
127
6469
534
587
5208
3459
3071
4860
2099
326
3390
3405
9175
935
6748
4397
6080
7878
1548
200
2115
7761
4958
4890
9368
3639
7680
9331
3410
2893
4092
4265
6243
381
3076
7694
3612
8255
9390
6191
4154
2695
6394
1477
4618
8118
6404
121
7109
3232
8503
2803
8126
4311
3425
27
5765
2168
7288
6383
4834
6154
8157
645
2310
1504
2841
9073
5788
8978
373
260
2162
6929
3703
5012
3308
707
1569
2075
7075
1407
5457
7307
8107
5600
5567
8185
8165
4769
1334
5184
97
2910
4804
4392
2123
4575
3392
1142
4596
196
1086
8802
7378
5475
5194
5811
8522
9385
5000
1809
7513
9304
6249
6906
4393
8335
6780
9025
804
5636
1582
9312
8619
9208
7272
6820
593
2785
2318
3846
7505
3515
194
396
68
8810
3926
7038
3058
4947
2047
7784
6544
2676
5522
9446
3746
7100
5583
1216
8839
2787
9276
3923
4553
2799
7704
8191
205
9291
4586
7115
3394
9411
8168
5711
3032
5078
2399
6621
7689
5724
5156
6608
2467
2646
4820
5353
1375
1434
4193
8916
7177
1683
5828
3764
9438
4114
7233
6757
7596
817
3757
5630
4148
7944
2980
273
2534
1606
6805
8630
8008
6184
965
5362
1342
3877
2831
8079
4581
7886
1878
2406
4665
3224
6989
782
7382
5401
1160
7462
3701
4297
7192
1059
9552
3258
1314
9324
2823
717
8012
4499
6501
7091
8231
3234
5760
8440
5306
3808
4516
3098
8691
7318
7906
3172
7055
7319
4978
4951
3725
79
4410
6954
7608
9148
6514
7739
1187
3548
2891
7720
7957
3862
3015
700
9599
2583
3299
7311
9481
4711
3215
6373
5103
3741
2149
5879
4580
5258
980
8533
6792
4584
2356
156
2371
413
8825
7267
9020
15
562
9515
3335
3013
2335
5395
6525
2233
7343
6332
5159
2959
5279
3904
7912
8689
6033
5810
5918
8025
5433
8963
2658
6099
8586
7028
3102
3510
4621
8353
2325
4558
5985
2682
311
6487
4512
6023
3624
8468
4002
2436
1217
6303
2806
4690
9273
7682
7920
3314
9293
8294
9580
9502
8517
764
1459
5291
2152
6414
2671
3654
8282
7837
2111
5262
7646
1211
9212
4778
6543
4984
4555
155
6503
8070
3828
4065
5771
1442
8843
1844
2903
6254
3891
6032
9571
1852
7279
179
7162
3585
7105
9469
3467
964
3545
3991
2348
4954
3816
9475
3673
8965
6974
3493
1881
9314
6153
8648
3129
1210
9395
8769
165
4793
5581
2625
5301
8483
1732
3256
781
1599
3158
8977
2966
4998
6578
6279
5867
7568
227
9009
2515
3490
9418
6308
4443
3599
3124
6551
4977
7118
6860
3626
8616
741
3399
6520
9277
4496
4418
815
1195
2755
4062
889
9088
6830
2678
9584
2690
2256
9261
2759
5344
5249
8318
4008
7655
4494
8236
8893
9146
9366
3621
116
5677
6999
5479
8791
1286
9586
1832
1122
8163
5865
7654
7304
8113
9380
8700
7268
7540
606
3375
3480
7905
64
9229
4685
3414
4546
9415
8683
1791
6275
4779
1356
3517
5648
6177
5780
7744
8038
5069
3147
6540
7977
6510
7468
2497
9417
9432
4988
4881
5830
1410
4780
7156
1985
1854
4187
7393
5252
3205
6722
349
7226
1055
651
7913
1633
2308
3223
3452
2465
2219
141
5309
4293
3839
1805
6834
4729
3196
4533
3339
574
5064
838
6831
8937
8384
3116
1265
4440
2540
4760
7119
6475
893
9370
8723
4118
798
6144
251
5607
7613
8621
1152
3608
9129
9153
8523
9615
9426
9544
6039
3233
8130
4327
6891
1553
5783
1994
2562
1502
626
8574
9526
7440
4407
6566
7970
1235
2037
4278
617
8496
6771
3198
3793
6545
8210
8862
1942
5744
667
3110
3954
5505
6562
3101
4349
3988
5537
7004
7888
6691
2571
8313
5520
4356
3463
9626
315
7372
2519
3691
5611
8006
6824
5708
3745
8793
418
618
9518
4177
9507
7183
1951
972
4638
3008
5586
979
5434
8047
8486
5427
3970
3798
1653
2783
2404
5047
3403
2754
3875
2694
4247
2006
7514
2752
2114
37
802
5370
145
3514
7068
2430
9126
4477
592
9536
818
5904
1230
9410
687
7672
189
8942
8094
3417
6145
5181
2674
9462
2453
7185
5835
7923
1127
8751
32
2213
3835
5934
4663
5963
52
6223
7582
6799
9227
5530
2259
9288
614
2011
1823
9055
8399
8350
3644
6124
2354
7756
8895
2835
382
8116
726
9610
1947
3495
7641
2145
4544
934
1760
7797
3419
2967
3161
7938
9519
8332
9250
8612
4642
4966
6884
4889
1373
4320
2422
8368
3528
8
2947
1231
4435
8374
8132
744
6060
5559
1487
6819
6378
8407
8494
7522
8917
1615
8395
1398
1952
4433
4130
9230
271
3440
3020
7067
2654
7309
3790
3880
2153
3001
6956
6948
6634
9292
8088
2147
8657
2307
2578
7220
3550
4455
6101
1981
5838
8437
9079
2208
6152
6255
2856
5008
1560
8782
2854
3251
5727
7711
2004
9110
7479
3965
3416
6387
6214
6482
9404
8775
4305
9628
2405
6842
9143
1961
730
6876
7369
1219
3289
6156
1200
3775
2514
1310
3806
8256
5134
7026
1426
9612
6865
6919
2992
4405
9138
9311
235
9319
3781
5383
1526
1937
429
9621
2905
6354
2125
7947
674
5588
1639
6808
5223
7062
105
3458
6657
9389
1188
8184
9133
3242
1128
8497
5464
5386
4398
6872
9070
7611
1568
1419
2169
2976
2474
3670
3087
5685
7933
8744
35
7818
8103
5014
8639
405
6190
9195
2353
3963
8277
1934
3858
7647
3219
1796
3722
6083
2599
3345
673
3203
2619
3449
3273
6996
563
4616
7301
1101
8319
595
3712
4457
5851
7955
9170
5757
5233
7504
1507
671
2699
7936
6522
5165
809
7562
5083
7928
857
2088
9140
5343
5257
4882
6650
760
8995
2926
4338
3959
1399
385
4267
2952
422
7726
4827
9214
7193
1046
3433
2201
854
9601
1380
484
932
8050
5274
8127
894
4557
2819
663
4380
1616
8463
5850
7937
571
9566
5753
4747
6291
7615
7299
2179
1047
8874
8059
399
4678
4088
681
1587
1868
6897
3641
1050
7065
7188
3222
144
7154
119
237
2431
379
2829
8306
1462
6816
5855
4928
8854
1919
8100
8582
8505
3576
8310
3779
914
3300
4554
880
9480
3367
4744
2104
5667
1294
9334
1412
2850
7765
4100
6671
1345
9145
5548
7575
6912
6495
2932
9457
9071
2986
6701
2255
3331
6028
423
1968
4276
8225
2833
2548
6887
4997
6066
907
5293
6859
8066
1222
8750
1623
9244
532
9123
5821
870
2743
5638
1028
5397
1174
7101
7012
2027
3780
3338
4518
1757
3909
2573
8634
3350
8631
410
3600
2178
8316
6359
1113
2741
5686
6030
978
9490
4833
2871
1076
287
2597
2875
8918
5573
576
2994
1894
7599
2073
2713
3481
4432
8102
6456
8162
5350
5135
7587
9294
2879
4801
284
7358
2428
6927
2376
6679
3531
7250
5314
9329
1695
6738
8354
1779
4816
6166
5148
3579
6041
3606
5601
824
6796
7490
6629
7437
7157
6703
7057
8290
3711
2126
255
2913
1303
1924
4151
7990
6560
5039
6241
3143
8134
9317
641
2209
6594
5090
6527
5043
3428
7145
3946
432
7811
4704
5840
1592
5268
7206
6699
5628
9323
4157
9283
3111
6174
7817
8403
7520
4919
1164
7626
360
5797
3581
1229
669
1984
6852
3871
3542
5284
7394
2886
8199
1663
3932
9240
4143
4562
5398
610
7496
573
9445
9602
7794
6664
8292
724
9000
2957
5666
3999
3398
355
3547
95
9463
5232
357
1338
1057
1332
1859
6829
3135
5800
2036
8372
6825
2013
7087
387
5822
1240
9132
6678
3438
9235
93
7796
735
5080
5447
276
1148
8242
2000
9032
1369
9492
6121
703
3804
2670
6984
5209
7865
8124
6584
5998
3052
322
1099
2970
4202
8763
7051
7195
7480
1071
721
1960
4434
4060
8527
8535
7277
6219
7712
4226
8089
6194
4287
8556
4001
8712
6441
5749
3053
3563
7216
5474
9274
1309
9064
55
7248
9125
5294
7342
6910
7176
6585
4972
8571
4841
6264
7143
6207
9573
1925
2017
6140
9551
5763
9478
4937
5213
7966
3253
3396
4059
6474
881
4526
6195
9234
1199
5808
5313
478
9248
4111
307
5603
2914
1722
6680
5146
6058
7904
2228
2735
2481
2736
1470
8267
5073
6438
6081
7735
8040
8923
7926
5131
3876
9509
3619
2333
4662
3152
5944
5410
1254
8851
8309
8434
5616
1751
4635
7442
384
6526
2206
1140
7691
4640
5097
5580
2977
2838
4383
7567
6947
2746
8015
8731
6062
5604
2052
2380
8787
3797
9266
8046
8899
3465
9082
280
994
7473
9139
9356
1989
6113
1007
3176
5642
7729
344
6789
3123
4487
7403
2282
1207
8663
5980
1386
2362
3027
5768
1034
9157
7164
6749
7013
4693
4982
9419
5126
1890
4042
1845
4836
7650
8650
8789
8858
2163
3384
8419
6570
7090
5889
6201
2734
2667
5911
365
2402
3546
3536
353
7285
7245
6513
5931
9530
2505
553
5408
3028
7138
4714
4179
3942
8287
6652
9013
498
309
7823
579
5578
2744
4474
5524
5315
7368
1848
6713
3036
8260
8000
171
4560
5764
4505
1466
2148
492
6604
5706
9409
6215
4713
1058
4153
3759
3652
4602
7521
7706
1583
8190
7266
8265
4185
6259
754
3441
3817
5723
2954
3787
4391
3738
820
9485
1883
1519
9338
6878
753
3778
8958
8396
8067
528
7341
4307
1408
4095
3625
8447
4830
3105
5342
2533
5609
8966
4707
7989
2158
805
5096
8530
2265
5740
4382
1374
114
9014
7690
6206
1777
6329
3050
5494
6336
2522
7359
218
3379
4664
5472
6120
4215
9117
8128
6779
3885
1904
6886
6632
8228
6639
8001
7870
7903
8433
4957
1857
5348
9365
3407
9081
5935
3014
157
8349
4140
257
416
4144
6835
6027
1646
9183
6833
7243
6189
482
1072
2174
1874
2901
1595
6320
7782
6125
9253
4099
5882
8013
4903
2386
847
4242
2804
473
2921
8797
7083
1177
3330
3055
7323
1496
4627
3343
7232
9487
8272
1896
5966
9098
1991
2949
1564
3836
9381
455
7152
8561
5823
6517
1111
1461
6357
8546
5959
331
4116
3736
2610
4456
6575
9265
9330
8993
6915
8911
2889
3801
5379
1556
3119
2035
8432
1864
9279
1379
7635
9335
729
5028
4112
6248
1042
6582
7583
2541
3420
4986
403
1917
2197
1741
6667
2288
8337
2802
4906
267
4620
7857
2592
8092
9382
5702
9267
7965
547
8795
2609
5120
1355
5687
3090
6707
6843
5335
8666
2441
6706
181
2247
6663
5163
6837
8649
4080
5124
8861
2072
4719
1039
7072
3532
3966
4987
7554
188
2132
7046
4316
7585
8864
2118
7007
242
8910
5560
6490
4399
4875
4454
2176
5062
8949
9315
3807
5826
8992
701
9046
7877
1067
4960
750
6899
5182
2076
2119
5747
324
7757
8300
3695
5034
428
4172
5166
4428
7598
7918
6453
8216
2532
5566
4552
6554
7078
5845
392
8171
8036
2816
3387
1268
3290
2298
6327
3726
1825
7312
6128
6454
7353
1648
4000
3082
4063
6096
8536
586
7743
2964
8996
1899
2894
5173
7755
7129
4394
7472
457
277
6539
6635
7740
3681
9565
7834
6692
2867
7855
4695
3506
4332
6396
5960
4229
3902
159
4537
5785
8375
8541
1656
5986
7460
8326
2253
1421
7155
1536
7420
5945
7671
9600
3941
9152
2025
5483
7197
3333
4536
6880
9056
1512
2624
6752
7982
1778
9302
3277
2473
5829
7950
520
2008
3159
163
6138
8424
3160
6636
7427
2546
5941
7907
8869
2983
1872
6068
5282
5643
3163
4609
3856
3229
837
2971
8352
36
5844
1546
398
5152
6963
5250
8758
464
4697
4304
4493
5693
4925
3294
8820
7807
6016
2028
6861
9300
6338
2708
9522
3845
1079
7693
5108
7550
8361
1701
8081
1168
7338
177
3855
1256
6151
6295
8742
4762
293
3572
4920
723
7793
1593
4142
5815
7438
4482
426
5885
5161
9197
3953
578
2958
1107
8268
5432
5058
3769
2053
5903
1093
6716
5910
2260
3287
945
4446
2863
9116
131
523
3837
2091
2612
9495
6533
7639
890
623
3552
513
4590
4322
8894
1205
8590
6238
4579
386
2595
1799
7792
9115
5098
8448
9085
1264
1299
2363
406
3208
6115
2641
8543
8308
8450
5690
2821
8213
7868
589
9171
333
7459
1278
6141
5478
7897
6961
2635
1677
4748
8697
7508
4108
6054
1733
84
5283
1737
1765
7340
9012
4005
4572
3838
2457
2899
6625
3505
1681
2151
5169
1413
7618
2396
9029
5940
1460
9378
1105
6341
4183
9202
879
1621
71
4007
6236
4301
1336
9328
598
1153
380
2561
7255
1002
3969
436
16
5271
6920
2161
9059
7621
1161
47
4376
8404
2907
1969
5627
5390
6778
4028
6987
7919
8944
3735
8018
4585
6398
4342
6356
8296
4932
3761
7373
8227
4588
2883
6178
8455
1381
5644
6736
2421
5420
692
3637
8192
7781
8694
8583
5310
321
7809
3748
7810
3197
1718
6761
7786
8246
5057
9607
2513
3439
123
5458
4529
9524
2697
9124
3688
5544
1900
5983
2644
8599
3305
1295
4917
5750
470
4243
5646
611
7444
9246
5781
5421
377
5088
1892
4299
3009
9425
9092
6997
3511
8320
6025
1916
2046
5591
8960
9579
8385
7815
14
3848
58
6853
6745
334
8274
4853
8759
7201
7586
4056
2842
8773
9505
6754
6122
3103
3293
295
4337
6063
7685
8859
2301
7552
496
6776
3905
7045
8838
3088
1525
6432
1570
2229
4238
906
2490
8939
9454
5130
5328
3252
1186
8123
7235
4541
6360
1829
1879
9044
5754
57
2034
3788
1649
8153
6431
4688
3000
7010
5922
5969
9255
668
6029
646
3938
2030
5535
7276
6723
9289
7725
2864
7972
229
6708
2627
5736
3381
9174
925
4857
6871
3553
2042
437
1903
3400
1006
3706
1404
461
4290
4385
9543
7388
3431
8062
5665
4363
5932
1208
3186
8314
6133
7994
7880
6262
6904
1511
8172
5653
1038
1847
4388
5376
2364
3834
1554
6444
5676
467
5487
2703
2587
2679
4722
4893
4759
6656
6477
193
5444
7974
9423
3355
3642
1574
9108
7209
4326
7034
3537
6711
8624
2057
8829
1790
2108
6900
8898
1588
4268
8805
8715
7544
4239
5681
9434
1451
9345
4094
2204
1995
6280
486
7499
1645
954
7574
7859
2121
8418
3460
8961
6814
6365
1135
3389
2367
7389
4849
1033
7893
5115
2069
199
3513
6082
7290
1084
3507
1416
4630
7246
3468
7292
3354
2846
7352
8568
6690
5880
3121
5404
3822
3207
2589
5137
5853
4787
5900
7294
1990
4258
4789
1030
3577
1097
2485
4728
6395
9383
7190
8348
4233
3559
6649
4213
2257
1366
7954
3304
4281
3913
7495
9128
7040
3906
7973
1631
4859
9259
7200
6231
8919
4078
294
1773
3254
2450
190
2142
1075
5287
4682
3388
239
9500
3714
3426
8289
8654
245
5531
4677
7664
3744
716
6688
9099
2135
5
66
8114
5486
6836
2993
5814
6637
1234
5786
4352
3502
2722
8725
9453
4941
4939
1293
7445
5876
8526
424
7097
3048
7696
4481
5894
2375
5579
6053
4896
2211
558
2170
8467
1439
8293
2525
655
4204
6449
9539
761
2728
708
3065
80
7882
6717
6484
8291
6662
2855
7949
2937
9041
6497
2014
4129
7501
7237
2433
6807
6217
8720
8971
4126
7050
2661
1911
3209
128
789
3758
6618
1112
7960
9187
4746
1775
4658
5715
8208
6914
183
3344
7140
9511
1740
4864
6498
2982
1610
5185
348
75
9482
1123
1486
2955
1774
2143
3453
5242
7443
3826
1165
3236
1581
2596
5509
4339
8783
5114
1559
1493
7896
9221
1768
7005
2840
4915
6136
6908
1522
8495
8647
3679
4570
9407
8411
2181
6785
6034
3012
5180
3610
5695
795
8508
4735
3430
8600
1661
8044
8398
5719
7943
6573
3717
8215
7898
6095
4783
4578
5325
9111
4323
1745
371
6728
1954
2155
745
3168
4886
9353
6282
1376
2683
6600
487
5445
706
4064
1926
1736
5809
1371
9233
2150
920
3872
4944
5741
1697
3019
391
497
6959
7142
516
1930
9486
7146
5425
6118
7929
4161
4170
1657
1950
7779
5886
8262
6787
1801
1337
4773
7976
4141
3115
6150
5992
9022
6278
1713
8019
5202
1387
7161
1001
350
2067
8696
868
6868
7041
2582
9089
6108
6277
9394
2653
6374
5890
9420
9472
2009
9001
6967
4910
369
233
4369
985
9343
1463
9397
7566
5102
330
5072
18
3083
8021
3823
8632
8202
7884
1454
358
3470
8077
7764
1912
6333
5056
7449
1910
3276
6179
8340
7924
4384
7064
2482
2538
5162
2066
1048
2865
7775
5388
4125
575
3011
6148
4959
5225
4765
5077
1742
3171
4412
5095
6446
8889
5767
5244
5714
2309
2870
7531
5373
9497
3189
3878
4203
7264
1770
7546
1863
6406
9263
1467
2244
7448
6684
4225
7872
656
5118
9026
8007
6783
4738
5277
8281
5712
9412
1269
3442
51
8229
3918
7581
5887
4648
3719
440
6976
4171
6302
5032
2931
8005
2277
4599
3227
2222
7326
3785
5674
5381
8883
1045
2480
1658
3325
4872
3997
9122
8245
7617
33
4842
7971
4408
8643
9616
4549
2134
5978
2374
6169
8707
814
9090
4633
5891
590
5792
5375
6402
9523
6381
7295
7666
5663
5066
4805
2352
45
1298
2012
4766
1141
1529
2102
1490
8420
6226
7851
8504
5647
4051
1290
1999
7978
2934
2622
8022
170
7922
9069
1785
9336
4048
4964
2643
8598
1085
2250
85
986
1185
3402
7899
7412
5635
7261
1813
2776
8392
8183
9349
3574
2101
6235
3108
7603
2062
5645
8064
6346
2379
72
9402
3179
9308
8930
768
4159
732
8852
3729
3864
2550
7758
773
6772
9282
7962
1062
5482
740
1179
1415
3709
2139
7158
1566
8312
6382
4309
5030
1843
3131
3589
5109
9186
2551
4032
2720
8902
345
8877
8642
7144
4375
4952
6091
8563
5508
3297
2334
4406
8608
3896
1031
7360
7831
1756
5063
6810
1218
9205
4504
5009
4856
3427
6014
529
582
7033
3535
2520
827
6313
3868
1555
1143
5847
8957
7871
955
3401
1214
3874
8470
6158
356
2434
1176
6962
4479
6812
8743
4469
5001
8321
9232
8679
3656
2606
7500
1955
3527
7591
4178
4614
3317
787
7847
6698
3127
7854
439
1694
1885
4611
9298
388
7043
8286
7683
8896
5696
4372
9260
8198
466
2605
8681
252
9569
8558
3727
4676
7548
5990
9320
581
2264
8146
1009
8376
8847
207
3054
96
596
2953
5330
6847
4135
6211
3894
1035
8031
7419
1895
1643
6315
304
9414
449
938
3413
4077
7777
3360
5204
8579
1600
2943
1869
9448
6493
8166
7335
785
320
4022
5299
6694
5356
8154
1541
9135
8032
7916
2074
8330
6617
4441
2892
7488
8980
2920
3475
6606
9269
5564
6379
2224
6467
8295
5874
9467
8143
3765
1066
6499
4083
6993
4794
821
5176
8633
4524
1181
7668
3149
6422
2303
8674
9341
98
3948
1602
8322
8445
4551
1597
7032
1315
2435
4160
1520
8767
1288
4967
3594
69
9224
511
5429
5139
9076
5905
4486
5875
7768
3211
3017
1424
2508
8745
3262
5971
784
5498
4039
1723
2756
339
7297
7349
5790
285
1945
7401
7429
184
9537
2269
5327
6774
6187
2315
4466
5304
8814
3313
7211
550
3372
9464
3720
6055
134
6952
7435
4075
4208
9034
7009
8179
5622
644
6322
2254
1272
4980
8491
4661
7215
6415
4044
3051
3957
2212
6561
4173
2773
2127
4564
9611
697
3971
958
5957
9023
8378
2448
225
8618
591
1953
20
7849
4705
3275
6225
9392
8637
4470
2648
8866
8203
6011
6946
1865
434
1655
4515
305
5549
4799
5773
2427
2721
3628
4996
5042
1485
6114
2015
5465
3708
5222
2745
4758
918
4981
6882
4547
2665
1118
5320
298
172
2517
6276
4528
5495
7673
6244
4234
5751
5620
5473
4442
7983
6988
8275
5833
5387
873
9560
178
3609
6591
1420
5504
6310
6923
6507
8986
9297
5556
3202
8338
3892
8872
956
4583
5506
2717
8224
3851
4035
264
4823
8711
7864
3571
3593
2830
607
1594
826
7559
3436
9595
6369
9405
7564
950
8651
7724
2346
2231
5902
8509
8953
616
3667
7271
537
6665
1213
1788
6427
1365
5893
1147
2313
5633
6036
7107
336
6106
9072
9459
1715
4271
8553
4668
7405
830
3029
8770
7563
6950
2797
8609
619
9011
8436
5081
4335
7853
6139
7492
4873
5803
6793
6079
2908
930
1458
7179
3039
9239
8718
400
842
6075
2808
6727
2021
677
351
5201
7001
1440
648
1651
3521
6790
3582
5116
8048
4993
2131
6345
6502
6821
6268
3809
4612
5231
3307
9093
9036
2770
5246
5235
9398
2408
5999
417
8623
8891
5186
3782
168
3617
7002
2044
2242
1705
4237
8927
5151
9520
8161
845
8967
2757
6074
4387
8301
4365
2730
1
931
7351
7763
2412
8160
4162
536
678
3144
3869
7404
6092
3061
3921
6675
1693
1027
1189
8477
7502
56
8351
9245
8423
6506
1446
8307
7111
5824
4887
7948
6084
8607
1620
624
5453
1331
6412
7103
4927
1306
2956
3936
2459
8194
8099
1898
3728
3045
8701
7956
6519
491
5372
1223
5624
4655
4104
8462
8345
3361
9249
1184
3646
1448
4188
8068
6183
9532
7298
709
6605
627
6958
4803
8693
7014
6801
5394
6614
489
368
8002
67
6943
3693
8101
7003
6773
2010
8566
1996
8948
801
2024
221
6239
7885
3979
5820
5669
4319
3270
8020
5545
8060
5426
2852
2105
8288
3040
5224
6261
3086
3812
8613
6045
8317
2725
8175
74
3092
4361
7293
4603
4933
104
3763
7579
6494
665
9198
3411
2504
8137
6318
4743
2712
4660
4490
7465
897
8819
5861
1674
604
7030
2055
4851
3925
6273
8065
8237
7203
4058
7120
4085
1971
4485
4138
3030
2082
9225
6188
2221
8344
9538
664
7108
1392
5873
5033
9542
7518
5528
2094
4619
9159
1271
776
3893
7616
2458
6537
7874
1124
92
7396
2945
4046
1221
7130
243
6386
2141
4067
3522
3627
7029
5625
8772
8258
8562
8061
1096
4221
8794
1357
4520
8302
8834
3989
2614
9439
8037
5238
7486
8799
1017
3879
5852
4120
5272
4417
5086
8524
5219
254
3349
5793
8968
9100
3800
7367
8538
4296
9596
8410
951
8182
4824
6228
2157
1820
215
3033
1372
661
5269
2726
5561
9130
939
3540
631
3031
3519
637
8315
4107
3126
7661
4310
6508
2738
8662
4943
1619
7172
5872
8430
6489
8943
8264
5206
5946
8226
910
6070
3461
5371
6232
5297
1154
7988
5211
