18061
2721
8175
10481
770
9186
13688
12280
14248
17693
4046
17035
2043
18119
10871
12614
6230
1607
16821
16682
11670
6105
16854
5263
8780
2759
12549
14569
15377
7541
7367
17798
1436
12339
1045
2403
17898
776
11077
12671
11776
17491
15314
9235
15809
15696
11924
1306
14555
10869
9793
9580
6831
4224
8244
11326
1801
8435
3459
9603
12619
2506
18397
16143
9418
9108
17648
9521
9954
12435
14415
9715
13618
11674
3503
2936
17852
17601
10653
2684
10149
5649
15570
2993
17878
1843
5714
1860
8810
13385
6643
6436
5088
7635
13010
12764
9926
7564
16472
15011
7556
12464
17793
5686
1490
5068
14184
3621
12129
16397
7720
12626
11594
6659
15716
10391
10151
3231
7455
4380
16728
7588
5803
18271
14786
17352
1209
12993
13340
5377
4682
11657
13297
12663
9118
4396
7066
13565
119
1965
2603
3986
5762
1829
2172
18150
1636
3115
8418
11755
17075
1845
4218
8340
16704
5968
15446
13376
5931
7738
218
12800
4984
3742
10349
9463
8208
2399
15710
764
6594
5338
9327
14018
13821
2655
4601
2554
11666
17936
12252
8545
7058
1787
15078
13350
17478
6738
12179
16476
5759
4738
17346
566
8190
10144
5372
14727
17954
2480
7553
18173
16311
4806
14393
12044
2728
15615
17361
120
14267
4672
3109
6014
11760
9691
17222
14749
5028
6067
211
10737
12786
9918
10370
638
16216
11330
12138
10528
15245
13076
2600
9270
6222
11184
7458
3630
12349
13004
2704
8829
4860
18462
16017
5008
15165
2154
12066
17021
3339
17652
5448
9791
12105
10278
1244
16253
1858
17549
1583
7247
4697
15250
3377
12532
17841
2201
7854
7456
17950
7036
7030
12839
12362
9176
15917
121
11808
12033
17673
6558
5770
12665
11478
6517
16100
6316
18289
15035
2853
12951
13021
14984
6022
16421
14759
769
3399
5677
