9585
4311
6422
15364
7339
8562
17021
6683
8225
9985
7396
17995
14479
2271
14946
952
17788
1372
8596
9052
5678
2028
3467
12686
292
7160
17268
11718
8068
1901
10899
5716
7757
6390
16284
11080
18405
7330
18334
4608
13168
14734
16577
17100
2530
905
2911
13625
5891
5811
7515
5691
12783
6086
15234
16307
16468
15298
17207
10863
12298
16025
4461
12375
2138
11077
15712
11710
17728
12722
1469
7954
12156
12228
3134
16241
3502
2036
14228
372
3182
4753
7216
5240
579
11845
429
11997
1707
6455
12129
7109
5143
2081
7318
1314
2112
4057
14089
613
17375
3255
1871
9066
7565
1914
17807
9376
6961
15223
16124
10808
12304
4076
3382
10145
16828
13642
2580
5753
6400
1040
12612
13646
7591
3062
12615
7443
8340
4395
10261
6870
15755
9836
5575
14073
1674
7902
13585
8775
12519
7351
390
11408
7241
8084
5180
2134
1423
14532
3038
448
10988
3271
3875
17613
7766
17433
3336
9751
10562
345
18367
17966
17418
10053
15525
12520
4800
9604
2807
6236
4583
11138
13464
3249
3508
2062
14268
3959
10953
11054
6679
9225
12845
10158
2738
14345
909
18184
8237
11564
16739
11773
12473
4960
15038
14244
16748
7793
15465
8263
3939
10780
17614
268
8248
12190
12086
17516
15041
426
12695
6343
5288
4237
14507
17081
12212
2791
2130
12676
12690
15660
16715
6764
14948
14470
578
14060
3804
13898
12169
14629
0
18458
4916
4222
10643
9237
2877
5713
5630
12668
14434
4021
11995
4820
10343
3139
130
11886
18016
9885
16252
11996
7656
14201
8952
16886
9426
14219
11237
14761
1681
5592
5113
3116
10502
14036
18134
17027
13302
14317
11426
8051
13057
2819
2644
8262
5733
1100
7908
6161
3254
2787
9336
12174
17005
3801
6909
1225
2812
7440
14748
8548
3685
11795
12244
7250
14174
12815
7197
12836
12342
9853
2799
4861
12837
2011
12330
15623
5764
8450
17795
2479
3719
10350
6149
14961
13025
17238
5045
16190
16691
14872
18123
219
9350
5126
14852
6060
1338
16317
16869
6423
12232
16637
5467
17491
11366
11446
14386
6028
7712
12813
16922
4721
15189
322
11537
11288
15915
14194
12258
10881
15784
11364
1335
9263
2314
5538
15917
18169
5855
11574
12444
9388
1426
792
17864
5107
15135
11985
10740
3756
10363
16262
1398
398
5924
16578
9506
4619
11717
8898
9262
14172
14626
16694
11120
6313
2727
3192
9529
13405
13489
1987
2024
8111
13957
10578
1609
3518
17294
12019
17306
2648
4230
13115
14606
17532
10877
16035
269
5054
3593
8134
4847
9354
10985
13423
4785
8040
16819
15990
14891
15375
1537
222
8197
18372
2417
10738
2195
9177
7566
15052
7863
16863
1541
9701
6246
14104
7690
941
12223
10326
18404
13886
3846
12914
1131
13979
3399
15023
5447
13522
4298
5212
10972
17335
1645
942
16089
15715
4757
8868
1060
18128
10611
15415
2197
10321
395
11264
1508
7341
7319
7979
12399
4694
12499
10211
13542
13511
18154
9975
9773
174
14099
6797
17074
11550
6027
14594
1395
1844
13371
7107
15249
10987
13836
761
8306
12503
14692
5888
1857
991
6193
14189
12163
10540
12796
4655
8468
6229
15538
1402
13964
6255
17132
13760
6141
144
13019
14431
7355
14043
11116
637
3566
14612
7246
10771
17436
3969
12787
7730
2510
9563
10471
15183
15630
16223
14533
12587
8209
13299
5451
8612
17326
3742
14668
1752
12861
6903
14293
8085
2496
18305
2455
2144
13220
17702
9586
3613
18378
1368
16527
1293
8026
18289
12175
9877
12404
10586
14730
14662
10339
11316
5807
2326
6535
4744
17596
6998
18401
8433
4500
8547
2442
16536
68
8495
17561
8592
14494
6247
11959
6898
2890
12481
8108
7671
3524
3123
3852
7279
17743
9573
13394
14005
16676
15945
10779
4746
16521
1066
12288
3920
9640
6983
17467
1044
7459
777
12629
17307
4129
10139
5453
9501
7435
3643
5780
6277
4330
14812
148
5626
18222
7211
15947
17785
14706
648
10898
3176
4412
9618
260
8349
11739
6403
11311
13832
3272
4878
11641
13445
15546
6101
16065
13068
17048
14972
9613
2604
4348
2213
3156
8074
12931
5511
3621
11837
14252
4337
7288
2521
15116
6811
16270
8210
5080
13689
7436
14540
8047
4532
5251
1689
4867
14367
9843
13510
4839
393
12001
3798
3363
3431
317
11406
15502
13671
14753
18127
11842
10098
18112
721
17909
6698
17174
3324
5724
5468
12911
7915
5466
8106
9953
1569
6417
6720
6428
7381
16927
17989
658
11569
2492
7135
15204
10086
17837
14399
16401
2499
762
5426
15440
6315
11812
14741
16474
5763
8288
17945
5697
4949
3928
2543
14797
17259
2230
17483
7926
413
1713
4308
3469
8753
9337
7883
7460
3778
6341
2490
14346
4637
17522
7644
2460
6778
377
6947
4218
1343
182
2117
17913
10179
522
4534
2832
18256
1822
8519
11591
15506
14923
6635
6509
1307
5703
5293
5261
700
6172
2841
10946
10991
2483
16168
1670
9302
15106
10295
5233
11731
15046
15580
5528
5001
5893
11577
10048
14116
17767
11280
17340
6258
15472
10122
7142
7938
4455
14140
14318
1355
9774
7858
3170
16500
3135
7590
14749
12976
16894
13706
2183
4967
5101
13147
1053
5758
14597
13104
6557
4917
5117
9287
10870
9913
9374
12361
12083
12300
4734
193
9860
5291
7335
13250
12738
2871
5591
15193
2602
6444
14236
14896
12379
4194
9786
7187
5472
17416
736
17619
11809
101
2537
4343
16338
6574
6061
774
6972
17239
15491
1245
7585
3698
5340
1913
6204
17852
8938
10202
4896
10391
4060
8897
13175
4245
11988
2276
3115
3402
17691
12980
16041
8127
17891
8968
623
1181
4080
16054
6958
18084
11746
1403
7469
3093
7997
1142
1083
188
16329
263
12139
12691
3607
18043
3260
17763
13267
4019
10035
13751
9912
15323
2009
3952
13288
14038
14124
7268
3788
1648
1250
8448
13843
15988
5546
15974
15770
7438
14344
11480
6138
2803
17823
6496
16809
6432
11046
10682
13986
3485
11573
12679
1068
900
6929
3559
3760
3676
16898
16628
4558
7653
8748
17498
2176
4802
3263
15722
10341
16048
6322
14462
10600
1634
14598
2664
13997
8540
17560
10112
1054
11945
13191
5480
6552
10113
11751
3750
14737
3972
1094
9742
10505
4831
4588
16838
15691
13092
6537
4331
5867
4776
3632
1361
6547
17233
15316
7261
6737
17868
11461
12189
8428
16574
14680
9977
18398
17079
14185
6510
9390
14983
10043
8036
4974
7101
565
8882
11775
9793
10470
13936
15922
14628
10698
6838
10858
9638
1407
17011
6803
6454
9407
2390
112
2237
10288
8062
11431
1436
11076
13430
17977
12898
18224
16972
3489
17054
5161
10772
11192
5688
676
15964
7081
18007
18170
12180
16384
4453
13750
6109
11382
12302
11417
6891
15210
4211
2297
17878
8884
14215
18150
18015
14001
6514
17040
8791
18459
1905
2885
6002
6847
12031
16874
8560
8683
400
2629
3207
2506
10430
8415
13919
9310
17407
18138
13560
2205
4299
10849
9362
16970
8717
8227
6268
15614
2437
12529
15150
5046
807
3273
3825
11846
12482
4516
2868
6292
4955
10033
7645
893
1596
13545
2115
5836
6324
2253
986
18410
5877
16423
13425
9284
16282
1437
15832
16290
8860
9711
8642
12114
6211
7801
8206
6127
17496
10894
7301
10756
18195
5648
4565
404
2730
17437
798
13138
1965
9533
17430
3505
6634
10404
5332
244
3189
17896
12349
228
2756
10333
16634
8180
496
10087
1503
14447
3567
8498
505
12870
6661
6266
705
2324
8517
10582
14283
9056
6013
10572
1623
6848
8816
11764
17856
17594
14800
4491
17941
12728
16243
4499
15345
8663
7270
6714
6076
18010
8387
35
16872
11741
560
15666
7340
5805
15700
10034
9898
14428
17105
11448
12256
9452
9255
16745
16915
15334
11104
15879
6214
5410
5600
10220
18074
16197
6757
16921
13363
8758
18121
286
17838
5403
4525
6095
11321
18114
6022
13449
18018
916
1529
15733
15874
3932
9866
2601
15622
15882
2590
4027
18213
15697
327
17558
10961
11391
1955
5516
4161
4215
5488
15953
11273
7437
7492
13083
424
13202
17228
6263
17659
16901
8117
1959
8280
10500
13837
4266
8719
9285
8222
6299
699
17459
12182
13889
5576
11872
10917
18152
16866
12949
2109
11028
2753
3351
8982
7083
15686
11253
16080
11609
10201
9411
10980
7989
206
18438
289
7281
7292
18116
11838
15255
7955
11269
1934
14588
12742
664
15299
9804
12078
14342
12243
13114
7921
1408
5812
14988
15720
6583
3673
11174
1690
4884
17623
17973
2693
16342
11680
13497
15751
3907
15903
10693
6692
5935
12346
17099
3784
11
5683
14644
5389
14716
1221
4001
2808
10840
2041
10021
6146
5416
9270
1397
7120
4938
1177
6836
17671
16389
7633
17806
1578
16323
140
15190
3311
15395
901
10325
1801
1709
17181
11728
2042
13685
214
18444
9458
9266
13102
1947
6609
3687
12834
13758
572
14865
4888
1606
13710
14299
1108
7305
15936
15736
11436
11772
6927
13330
4937
14382
14915
338
4568
11603
2372
13584
8978
2998
7307
18455
17435
5838
1162
5196
11649
3293
14823
1105
13151
7627
15218
16547
15609
14212
2308
2279
8739
7797
6901
17237
12398
10912
8463
12711
7762
14225
5460
15244
14031
9325
7489
10934
550
17347
8595
6599
8697
2905
9129
6094
15967
12387
12952
9059
621
13245
16173
14120
381
14860
16723
8414
14600
10758
11286
14830
18189
15019
14207
1661
10589
17025
2355
14478
16556
9367
17644
610
12135
4545
1946
17685
12670
17615
7346
6331
4511
10373
16504
13647
9995
6306
12353
4866
4378
9311
16336
15396
15678
8193
12698
5374
14327
5354
11184
12378
5629
8502
1895
5274
11004
15037
10371
4695
2466
5176
4441
15063
18335
5863
8966
16708
4251
14943
9522
17832
4026
16797
11236
14552
8032
6218
16026
16006
8718
10435
14033
5659
6399
6401
6368
17622
786
9192
1369
6654
6858
14897
2670
4418
9971
15059
12605
1278
1166
7431
14320
15661
17153
4669
10625
17028
8514
7934
6470
5218
1889
654
6388
13282
1651
6798
15132
447
5285
14616
14984
2044
12699
9889
781
8392
5153
10654
11758
14557
14341
14504
10514
10595
5405
15565
13044
5384
14048
2828
12535
9465
1863
5693
13858
1313
16171
8745
1081
221
16126
12734
946
2594
18153
15895
6244
4806
14750
3067
17497
13266
1846
2404
11389
861
12739
5362
10963
501
11033
9930
5612
12125
16298
11939
13042
16531
12003
13420
10226
12412
14664
9106
5464
6106
16510
17775
15401
17414
6595
10156
2494
1876
862
18300
3766
15511
6062
5968
6743
14747
10696
13983
17526
10431
10336
274
4628
9449
16000
13433
18032
13817
1897
17897
548
402
1501
11761
3827
5235
18431
6128
13052
7727
14928
10548
3767
7391
16358
9138
674
2673
9997
4000
13520
17624
13514
10604
530
16535
15507
7499
8752
15907
15643
16755
14840
17221
1972
9300
12321
2477
4667
8075
3774
12470
11964
6182
1851
4766
3507
8893
4579
10810
2465
12778
13504
10121
16575
3097
6271
12335
10684
10467
5465
10025
10636
15605
17545
11384
3849
13789
10022
6205
18282
744
3191
11350
1179
5252
17559
8049
5698
4049
6203
4353
3509
13157
6439
13065
4566
2401
9229
8261
15053
9916
8778
2958
13097
9280
9872
13406
14150
5980
5195
3738
4018
3276
10128
12201
9596
2027
14560
1297
1543
1176
2428
7173
3930
12588
18179
6597
3682
2612
7398
679
14523
10281
5523
12888
14144
8196
446
16518
9520
8578
9819
2524
5452
8931
508
17930
7461
14151
832
11759
1233
16324
6639
16375
2806
16817
12144
2647
3713
8369
1554
16596
13668
3217
11863
16659
8781
7275
17893
14871
16768
11191
12633
12573
2503
3162
8069
15202
9067
3496
9250
5462
4181
16360
6782
5622
13912
8615
13701
12415
13056
14326
9406
9919
6467
15327
17780
3958
14561
6087
4570
10361
7015
6430
72
10741
5695
16698
2259
12988
1074
7477
1235
14711
4261
141
4872
6126
10653
3988
4398
8329
9111
7496
8478
3463
9276
16830
1127
5501
15979
6765
7169
12533
15130
990
4082
10417
1033
17736
6059
6153
7483
3762
385
5296
5800
11161
9228
2224
8828
8281
17447
3017
11899
8481
11132
5653
15423
12751
2184
17177
9481
11870
13820
8670
3599
13273
2433
3155
12077
14405
8652
13347
3514
978
10415
4037
16995
15094
3329
11538
8681
6058
13159
1404
16794
4659
18245
11579
3854
10094
4722
14361
9128
15033
5670
18267
1399
11652
3289
6104
14635
6103
551
4956
12453
1258
8003
3799
1330
6991
3438
6762
15216
7905
4017
9174
5481
9972
878
4704
17278
6666
14357
16096
12759
4315
17664
17087
8289
408
14965
8296
5049
16378
9685
13638
2860
16620
6361
14080
4837
2309
9867
7768
4601
1304
5372
724
6897
6748
15137
4356
16537
13326
8773
11592
644
2646
16007
13742
13300
8646
5422
6990
15444
11625
3447
17712
12373
11676
8582
2967
6646
13864
18394
3244
17720
12554
7406
10613
960
14719
8729
13998
13414
11541
17847
16308
10776
13478
11605
11329
146
13004
8831
1253
2451
6823
7206
13515
1932
12394
17657
2243
2019
2278
16110
9934
14047
8499
17846
2596
5131
9497
3172
7782
7384
16771
18178
5644
14720
4881
18344
9355
12063
12454
7698
9856
3497
3786
4451
9623
10997
9419
10839
246
18001
15350
3076
4040
2255
6892
13166
6216
12438
10763
1035
15390
7022
1120
13309
3138
10493
18025
14548
15714
16846
15154
9541
10536
8854
16735
17457
11640
18295
14979
270
5599
1536
7718
10181
5774
15200
1072
8873
3387
5904
17830
13548
8653
4928
5135
6876
17719
6769
4087
1160
4352
7861
3179
16696
8188
6799
5425
15582
16622
12636
11937
8161
14143
2676
36
16046
5020
3251
10080
4902
14457
7815
5900
13110
16436
5608
1400
13965
9464
14526
5858
12039
9269
10745
9152
2975
15269
9803
12841
15480
11974
7630
4741
12257
16662
4448
6045
7700
15146
3984
8070
9579
3237
15021
12088
5530
16170
3629
8766
10120
6316
9428
6607
14912
8571
813
14684
6492
630
6012
16806
472
1511
6362
7720
10691
17064
15716
13434
2626
2721
1728
6248
6734
13180
8
14652
709
2940
5446
11413
14630
10492
11967
9633
9182
1414
2104
14687
4108
9723
3243
13
12463
12763
4192
17918
15085
559
958
4338
8383
4036
9864
9978
16592
10368
11295
3671
1758
8163
12406
4134
10451
1692
12671
12853
18356
12534
4724
5031
7413
5606
14319
14487
17855
3692
10998
10289
16906
16281
18165
13591
17199
15425
17751
14952
6519
14695
7480
2084
12782
8358
10785
16912
6941
13551
7276
5793
3048
15537
7003
7072
2277
4319
17898
5400
11851
342
9001
16671
16734
17575
17031
15766
18233
6107
589
9903
5852
7845
4708
10803
5997
4737
6978
5757
5820
1065
14986
15635
17256
8647
3531
3184
3654
7529
7655
10811
9236
180
8880
10195
16301
13833
16099
527
10103
3681
14577
10420
6436
15824
17311
6320
3940
1998
14757
1727
11245
8859
14911
15446
6739
3460
9204
15253
5933
4118
12509
1870
7182
1928
13061
154
6304
16176
3236
11635
9245
12267
14226
5091
16649
1882
11335
7956
1568
4844
13963
9330
8956
11777
8221
5096
11047
10959
14942
1229
17920
9968
2219
6042
14294
2342
9296
10046
16184
5361
16013
6142
16772
5874
11337
7495
6412
16265
3857
16302
5645
15528
2331
13717
13482
17315
6387
5560
1456
6057
103
14115
4787
929
4468
857
14458
13308
7646
1702
931
831
17725
13087
15871
1773
17321
15718
7012
14980
3780
11135
14067
248
9071
9069
12589
7444
16786
330
4649
15248
14188
15991
10318
9629
3384
7970
10664
8426
13296
8057
7664
13278
5415
13785
9894
1416
7205
8685
6289
8907
1017
15900
15044
15579
14939
17045
13506
17336
17364
12669
8528
14275
940
18130
5471
11326
9772
324
12441
17085
11992
5984
5194
10422
6008
12539
9457
717
3840
17629
13600
8799
12245
15835
11355
3086
11666
1734
8271
10050
14642
9737
1607
2136
12037
17449
6616
16398
13123
15127
7924
17185
18099
418
5005
5673
4629
5514
7852
4235
1676
14443
17805
11936
8847
1274
12996
17265
2440
3576
2587
16955
14615
10274
37
14281
17612
4923
16225
8700
7738
13242
1244
1583
13728
8798
8709
17866
3032
7669
11324
16333
14603
18250
12115
7082
10477
10161
17062
11487
11314
357
8856
363
3339
16018
870
8730
904
8553
1967
234
7428
2227
14936
719
17694
15369
11894
2786
1032
4706
12628
912
9694
9910
16909
15667
3594
6065
3220
17674
17628
13287
15957
15035
6021
10323
2652
1441
2473
9594
5489
11261
11465
17312
18309
438
13906
16432
116
8626
387
17111
5253
11623
8399
14873
11133
17285
16935
8116
5219
9169
8684
14324
16545
10061
1332
17450
14190
3111
1764
15828
17705
1636
3433
11173
641
2617
13276
4409
15983
15051
8915
8348
7710
10245
5840
10251
4707
4780
10162
16457
2740
11725
10178
2863
3808
11929
18168
1474
7385
11475
13169
3967
11982
13904
1984
5631
5183
422
10225
17167
11736
2106
9979
15432
9525
10423
7272
10472
5843
339
15513
13877
17752
11895
11912
14002
15217
14305
732
10941
5586
525
963
914
15464
2892
307
2294
8704
4178
13343
1926
11022
8738
15403
2504
12082
15346
8109
5052
12332
308
6964
4264
11547
15570
16216
7939
15239
11231
14040
973
15818
10215
17901
16357
10102
15530
5824
4464
16133
8054
15581
14235
2056
10853
5827
15207
4640
11039
15069
14981
2396
6854
2266
6532
2920
10718
16741
11018
5349
15025
16431
16805
12192
9570
1380
7344
14967
11488
10821
3084
1232
17894
12878
9647
17604
13956
7870
13840
12440
2843
3143
4799
3994
11633
3915
17698
7855
12467
16555
9518
4006
12639
17787
15878
16470
8187
5230
9091
6602
15260
15592
3216
8342
3890
17779
16824
18175
10300
18097
8064
6987
5732
13386
3265
8550
291
17840
6793
7517
14198
16380
4336
15441
9796
10346
15306
118
11560
13436
99
12558
4396
16127
350
14645
2517
4526
9199
3165
14650
11149
18337
80
3341
2057
13037
5157
5896
760
5066
4782
15846
16887
1011
16724
3830
3355
6189
15529
10280
12518
853
3536
16306
12058
8990
12913
7621
3693
15564
10970
6250
10620
9760
17701
17232
2498
2934
12992
6542
11060
3174
7449
3662
10890
3575
13369
6212
12973
924
13184
15284
962
4366
2169
7306
5905
11400
7912
220
8796
3911
10690
11866
9412
6410
11051
10206
2325
17603
12873
1236
2493
7373
3270
14455
793
16804
14999
10354
3409
10478
4980
6459
11532
18365
17288
9429
1320
13415
13635
11392
16094
3588
11540
10614
595
1087
873
9244
311
4385
12498
3107
6175
6567
18196
734
12608
10297
753
3101
16742
4779
11437
2323
14724
7284
16017
16343
15031
8501
15756
9641
16199
12167
9326
7985
12710
4646
18071
15378
2252
883
197
9763
8703
15262
9160
1971
9951
12591
13346
10296
573
5201
18238
16029
2241
16385
8438
12348
18120
5928
16388
3344
15332
3526
6558
18026
4316
8510
14483
15731
5930
11383
15869
13424
2569
3765
17125
15288
17120
5314
14076
6579
1212
5152
12883
6288
15246
17933
2145
15467
6623
1605
14529
16815
4979
15263
14446
7881
8485
17348
16608
16078
14187
4012
17030
3582
18439
12405
12401
8688
2158
8297
9544
1763
11817
13133
9645
12457
3010
82
15460
3677
3836
14721
4773
12034
4630
14892
5215
6758
5474
16884
15738
10135
18420
8728
17223
1463
14847
8708
11720
11193
7522
9587
9028
4159
9970
16773
7679
11780
2356
15841
14994
11289
1468
17505
10260
1080
8371
9956
7476
9669
12700
15058
17892
9703
8533
3906
16840
1921
8662
2717
17392
5136
5227
9104
9683
11954
8409
14815
4359
10617
13212
3092
10708
4439
17018
14460
8194
17859
14209
10910
10455
17495
5147
288
11502
3346
11976
10529
13408
209
5619
4365
8013
11570
4113
3371
9230
17078
6650
2682
14129
18163
373
3625
15413
17525
1943
16475
6049
12413
8146
8088
12400
18011
18243
15388
2798
16591
6863
9148
4169
10277
12532
2156
17387
16769
9512
11049
13834
11200
5692
10392
14746
1820
15752
12947
6921
6617
12954
935
16426
5166
13023
17487
8512
16572
199
15124
290
10634
15016
10807
6663
10118
6585
16081
9
9891
16707
18060
4674
4827
17406
3996
16341
14419
335
1171
906
930
15226
17148
8093
927
9386
17676
14374
14059
7701
1815
1535
6774
7062
3773
5841
10878
10550
14195
8150
6816
17939
12422
609
14084
12823
8104
8983
9507
5562
3420
9032
16885
12891
11869
16611
7769
12544
9125
1425
11556
301
69
10799
7047
10735
17672
4887
3775
8656
2944
5435
14191
9424
9027
302
4015
320
11647
645
8894
17302
733
491
6054
9191
14103
2814
8777
1340
8138
4849
14359
1284
109
627
2570
10797
14517
1865
13457
13063
3383
6596
1701
8397
18434
16067
7411
6759
9004
13577
13678
11744
16402
2374
16861
3552
7198
5676
3074
17480
6456
16731
10256
3791
11548
17304
8333
3731
8270
5986
6916
5463
9619
13067
14584
3634
9402
11256
13723
8946
541
985
15077
7790
11111
2251
10832
10754
8520
13508
10759
18254
10429
9799
2491
17246
1383
4009
4710
10806
16004
7942
10940
1268
5263
10833
17136
3665
15692
15142
11760
10575
18079
13332
7947
8393
8430
11518
8272
2914
3451
10742
15914
8345
1473
8120
16296
10757
17651
9834
9546
12672
14094
9211
1117
4871
6334
9088
5037
8610
3457
9488
4574
10197
7961
6627
5932
7551
11879
16721
2090
10238
4180
17617
16220
7199
3323
9789
518
2936
1133
5461
6353
9608
17997
3813
1872
13821
5269
17241
6868
2588
7245
8950
12945
2624
9535
10093
4825
11529
1025
13272
14325
16250
9312
13992
11917
6809
6920
14781
5700
1457
6500
7816
94
15586
8888
10873
8403
18358
3711
6339
2978
2879
2264
12117
4573
16435
15669
5866
14733
6928
13558
14095
11361
7208
5642
2012
13923
3816
3126
2689
7916
17524
7732
5589
6573
1724
15604
6135
13883
17708
17765
13570
1480
10182
7202
7410
17322
7456
15475
1029
7317
2193
3448
2411
14575
11427
1198
957
12024
16491
1592
3734
5060
16421
5988
12316
18271
13399
15944
5802
11430
7817
13649
9436
13798
3080
213
9747
5585
7619
7146
15357
8315
10872
3375
4690
13038
11903
10864
11836
14468
18113
17172
15698
9083
1784
11593
877
9015
12146
17762
10866
9476
11890
17337
13569
7962
18223
8471
11561
9612
16181
6165
1318
16835
3587
3370
7907
9572
3874
8723
14484
15394
4821
9120
10026
12202
16218
14301
7220
4477
1603
9839
9811
441
15489
3678
3521
12972
16987
3209
643
11201
1576
13066
2394
4529
561
9265
2831
4838
5455
24
9716
16888
722
2257
13810
16309
8949
10263
5961
10079
17686
3073
7692
10057
3439
730
12850
7899
4542
10140
14329
12510
11332
7821
4777
14300
3771
10044
17396
3829
12641
17475
1202
11315
12317
6603
2345
14727
11296
1467
18349
6691
13174
6164
9886
13994
14014
6502
16134
3590
4712
1466
233
12744
17408
519
5782
9677
10
10532
4404
3280
15139
17756
1357
7709
4269
4174
11608
5132
18463
6989
1109
3040
15006
15585
15165
8110
5938
13195
1337
6859
7752
10867
15984
4389
11875
10524
8452
15254
14242
6347
15195
11048
12247
4547
13090
4987
2502
11515
1802
5707
574
3187
17689
16245
11784
8357
15333
16534
15141
4944
17257
17346
6280
14937
1757
4472
8368
14102
8269
16702
18259
13094
5171
16738
11358
14917
7941
11654
9437
12867
17517
7894
7394
17942
9606
17587
15243
18433
6530
3385
6882
9370
9155
14920
8401
698
6771
17053
8508
10069
16237
16528
10896
14789
1860
13937
6511
5742
17870
17308
3647
18399
8290
161
9415
17026
6780
18052
11847
18382
11701
15397
7973
16179
8665
8182
2103
2533
766
9949
16655
1401
11889
4875
18081
12340
555
823
12403
15067
18355
10767
15114
5652
12526
8657
10372
7631
6673
17171
16857
7161
16890
13823
7557
6384
6206
17958
3085
15070
9822
10496
1479
2039
14765
71
14274
17910
8513
4333
2935
6787
7005
17493
3490
12147
3516
9423
11970
3252
5202
12070
1121
15744
6090
15082
10055
7405
2562
10152
4833
10407
1354
1477
2299
10750
7869
4972
4166
3472
2409
17978
3568
334
12904
9179
1296
7280
16600
2745
7609
657
11597
4165
14667
3458
12286
19
16644
17159
13879
7042
16627
1653
17660
12427
15230
6784
7636
16178
17936
4436
16870
10039
6348
3905
2834
15508
8770
7527
8611
12854
1175
2733
14621
17824
12206
3646
12640
17500
10116
10320
9980
13940
5108
5345
7952
13801
1635
12829
17693
10860
5714
9778
15267
14880
18409
4182
2821
4106
759
18235
8870
16351
10003
4813
2583
14331
7376
1992
1134
7702
14147
13034
14673
14949
6223
10062
12618
15133
6010
581
17107
12955
4280
626
15701
2021
15500
16788
15762
13996
8625
6933
5022
8131
10962
18104
17875
14539
8347
11131
10541
18096
16454
6754
7364
4228
10110
16678
9764
17066
12622
8326
18147
14157
10171
8886
7683
12798
9555
12283
14914
1500
6174
2032
1048
5759
12075
2420
201
11907
16956
12662
5898
11403
8287
6283
11232
14184
4335
14491
9323
12964
18285
66
17130
1047
3964
2443
17147
13461
10957
5816
7616
13734
6749
5145
17673
5701
298
12678
2058
153
4623
11636
9306
16842
13027
4613
15348
9360
12646
12765
3936
12020
17063
7589
7481
15875
10567
15706
9297
8969
15890
16129
14826
4519
4013
5914
8783
7255
12005
17119
6593
17927
652
16493
660
9319
7425
10555
8963
6979
8819
6581
9137
8965
8959
12645
5635
4700
3227
6677
18277
14877
13435
17669
8439
10421
15157
13593
17096
17355
7623
15459
17718
7754
13263
3194
2464
2758
7634
13269
17489
12683
17274
7285
7750
6396
12959
8160
15631
1944
11072
7957
7674
16030
743
12297
1261
3725
11834
8557
11327
4416
14309
10060
13254
15147
7901
15259
8023
10148
11308
5550
1538
1548
11344
1163
2963
5569
10377
12469
18110
13185
1714
11782
1816
8268
17395
2595
11669
12433
17038
12277
16619
14640
12773
2857
2737
11281
18465
356
1699
1316
5406
473
8461
10262
3597
9233
11251
4755
3022
352
12015
1454
12251
15927
7179
13530
3119
2810
14348
14430
3146
9662
11713
13161
13725
3605
5709
6108
16841
577
15429
5367
9434
7296
13596
10659
13819
8034
15969
12081
3717
13248
8945
2731
4551
1626
11947
11521
15807
6942
15408
6215
9620
8535
7058
3333
14337
17956
15379
6333
5429
17445
5246
6173
16782
11966
14254
6591
2366
12818
6476
14637
15108
15366
15906
4506
2282
3398
7925
10615
16339
12681
17431
9787
12642
12305
13528
879
17873
745
12092
264
12345
13655
7568
9294
4607
12341
13211
15407
13541
11686
1920
16594
15713
10017
9202
17155
17154
16203
18232
10097
876
7531
1411
16073
6505
14562
2662
3807
5234
6786
11410
2486
9081
1269
13059
18227
15292
7520
10999
12065
11300
6589
10947
6525
9909
9456
12508
16359
2423
4110
4286
17970
2847
1572
12754
1494
5382
11365
10553
4447
10627
4010
14473
10542
7982
2568
15152
7830
10812
4263
4140
6506
4561
380
8635
16917
4407
12859
9127
17746
2508
11519
8788
484
8623
7837
5539
1831
6475
13664
3075
16836
2305
13307
3330
11333
15905
7429
16180
10739
11142
15505
5998
15690
18357
11083
2539
13126
5578
14940
2922
8217
5851
6365
3386
5399
16766
12941
16559
15359
9321
9967
4414
10172
3640
5825
11162
14945
5216
7846
4090
6962
3195
17273
662
4479
13262
10856
1711
16737
16711
9513
1270
7749
7251
3309
17605
11341
15291
9288
907
17216
17774
17882
13452
6419
13682
8038
14022
18360
12820
17032
7922
17509
5660
16273
2695
9801
3764
7070
11543
959
2528
17574
13398
5439
4788
10724
5835
15840
2116
9022
4692
10236
8421
11957
1848
1418
3933
3352
5090
16781
8388
17967
3177
16948
12417
15201
11399
7043
14328
10570
3895
11254
17951
1608
4119
12501
16020
129
11811
3414
18047
6613
8776
14659
1550
15405
17013
12293
898
4102
2846
17070
15821
6051
11588
8929
16332
152
17688
5170
17541
456
8690
15584
9659
367
11266
5787
17848
16790
316
6023
15651
3776
17905
2698
14415
1206
12299
11229
4754
3102
13041
6504
16533
305
512
10714
10632
15438
3003
18428
4592
1884
15992
10616
2708
14648
2458
5105
616
9365
16157
6818
1130
9888
9086
11405
9203
12069
13265
15261
13571
4093
11492
15380
16930
16195
4107
3690
15633
12928
8056
17815
9558
1817
14243
6999
14870
15730
2061
3079
16583
11409
4023
14571
16599
16248
7236
10885
2163
5302
2311
803
3168
12229
17230
14827
16460
6544
15476
13926
2050
12522
3927
4910
389
11552
17343
3229
11334
10485
11512
15398
3350
9366
12543
5179
5917
12586
10038
1729
10891
16636
10207
5616
5515
12429
17555
13938
5899
14052
14712
17173
9242
11303
13724
1107
16553
850
10155
3628
14563
17283
7412
14899
13046
9948
9304
8609
13144
420
9851
14017
1563
16386
1708
2849
3782
17825
6232
2656
7919
18333
11981
7510
4201
13223
16253
9549
17656
9871
14250
13990
7013
3452
13737
11627
10383
11664
5148
1308
8475
16654
383
7122
11404
12572
6801
4597
9537
15156
4644
9490
12654
4797
14176
16652
4995
10537
12268
3004
14111
1396
2792
3718
17826
2099
6367
12632
8487
2917
868
6196
7866
6943
4964
7128
454
9696
8148
11095
10927
5438
17991
5398
13705
3063
11317
12552
14053
15433
8523
13274
18242
1111
16294
16728
9164
11472
3292
13524
13563
251
2728
12437
5901
3480
15209
5003
2972
3454
3843
14055
1019
5525
15084
91
9687
830
2233
1303
11363
16131
17292
16172
17579
4834
15313
15673
6705
7555
4339
3188
15358
14086
95
8170
14555
17842
15303
4801
16244
17383
9552
237
7195
13205
12326
9974
6625
12637
6438
13700
9554
11715
11225
4946
14287
10378
16677
6914
4309
13562
17569
11850
17458
1806
681
18146
3763
1824
15606
980
15277
11567
7774
895
17452
12002
15336
2484
7157
13076
1954
13775
6794
2321
523
15985
15486
2526
3025
10699
8232
4103
15000
1015
9658
7084
10267
16330
15897
16166
7940
10045
8432
5587
13233
14232
1557
7950
17711
10426
16261
4653
12943
14378
6953
5859
2045
11447
13893
2778
4487
18348
12029
14678
14173
6369
15949
7468
3306
3503
6191
8476
394
17397
12381
9926
5850
16070
1345
17710
2125
6819
4285
371
14422
1867
3748
11790
3373
13871
4940
15787
15424
4379
10665
889
5098
1772
3368
12105
7914
8645
11722
4524
10543
6378
5457
11562
8669
1095
2270
16009
4749
11880
16293
10351
7578
12046
7118
6724
11105
16923
11443
12205
5537
3982
11536
3035
16390
7715
4549
2190
15471
7879
13486
1275
12986
12445
6001
13984
18416
14843
8343
10218
11767
14312
9981
11415
4689
9969
15888
16313
5672
2519
16077
445
2579
9961
17376
6163
14686
12292
15771
7987
2373
9643
10761
10101
15861
17650
3881
6407
13612
9140
7595
3833
13790
16848
13139
4332
12021
12495
15140
11624
8147
11554
7215
15050
3619
16725
7259
7389
6772
3751
6092
14371
10639
14078
5607
481
13614
13331
12423
10501
9833
4846
11940
8743
16473
11723
3601
16743
224
18413
10092
16230
181
3142
6497
8503
2459
10255
14817
9765
9496
13465
18265
2884
16525
974
11918
17003
5327
16816
14388
2245
16062
13699
5433
13290
11377
8130
3615
4711
15104
16776
494
7264
13416
7314
18089
2185
3268
3546
13759
17332
17519
17546
14580
13947
10943
4062
15789
5423
12314
8359
2107
6835
18237
7909
4933
10669
3282
15318
2174
14854
3578
7743
16088
12923
4460
12843
17094
18124
3455
17812
16775
7722
7386
5369
12162
822
9813
13553
17200
11011
7046
15955
11689
14139
9744
7071
3492
8354
10127
13976
6804
143
3470
14350
5976
11310
15279
7823
2430
10006
3821
13401
6385
10915
18248
12948
4229
10398
7682
11005
3648
4234
16844
5162
4406
2919
14602
15126
8400
2850
8211
10518
12248
15646
376
5995
17865
15420
14974
15488
12749
5444
5329
13970
17352
14472
17750
15544
15294
15324
9371
17137
18221
16978
17690
5209
4733
14122
12497
14217
12107
17362
2150
15527
2173
9636
735
17501
8911
588
2811
10411
9339
5815
12638
13641
1650
6954
12030
12124
16615
1164
1433
11102
17886
17639
846
15235
5004
10584
13329
14162
12839
4912
12852
4397
17398
3683
14837
1665
7705
17260
7528
13650
7102
7021
1948
12322
2478
2873
14231
826
10469
10292
250
9865
3302
16856
9133
14234
2292
15468
7652
17097
4354
14649
14643
14702
2842
4185
9686
3623
14247
3736
1990
15355
9489
2339
1144
8505
17841
15728
12491
4814
16283
12866
5244
14442
2639
12249
11331
6745
3081
3009
14121
7008
13129
3183
12771
9035
18276
8921
359
2357
6930
2001
11195
7501
5990
15302
11340
5636
5431
9031
2040
13298
7746
14874
6725
13117
15765
17536
11622
13427
7891
6601
11304
1523
12150
3614
14895
2829
554
17981
9998
11824
5614
4948
11802
3663
2424
10109
16141
4759
12318
996
7971
4742
17432
3169
10272
7695
2013
12958
4651
7097
10068
7612
8638
711
6545
9235
8872
6198
240
7061
13959
2141
11040
3415
13373
7132
431
9691
13872
2209
5959
14839
17773
4301
11107
12540
7336
3226
4609
11750
15566
17583
10498
1510
13446
9709
12885
6068
11227
12466
10794
10952
4351
11323
14230
3620
16896
989
10966
12411
4071
15857
14417
3850
9238
7811
1070
6424
6194
8293
15399
16119
729
13210
3466
15819
6512
7620
11839
9039
17249
6032
5853
5326
11506
17950
6166
16334
259
6063
12719
7615
7737
520
2289
11356
3900
9045
14809
9065
4693
15080
18220
13574
1823
4830
16858
13189
5941
18364
4148
7981
17295
5965
8575
7074
2000
15797
11902
14971
13967
1918
1893
6827
2328
11841
6209
5295
13933
9832
6037
4457
8994
2287
15912
1067
15287
2599
7661
967
12464
15600
3274
14501
5854
3424
582
11420
14894
14334
11166
7203
2769
8795
9196
13054
13567
6840
9046
2226
13805
7785
1931
8491
8561
2875
17360
11955
1597
7747
3923
11896
2375
17766
11843
7584
6154
7758
16042
2471
8303
17086
7784
10489
10516
945
10623
5624
10846
12382
7834
7380
3618
4206
1663
11134
17582
10510
6966
10852
13620
4862
2485
10457
12746
9334
11276
10549
16144
10358
7087
1342
12935
4997
17858
18171
4306
5344
5768
7030
4136
6615
16382
16183
12725
13778
7537
4199
18403
3404
4908
15626
4553
13688
17092
13615
6036
16940
13281
9492
12657
10495
17331
11008
1669
18041
7466
15649
11481
16446
4431
12582
2996
15011
17425
14957
2621
4748
1986
13304
13556
16304
11499
855
11136
13320
5821
17827
2896
7534
6337
17735
14799
4968
7368
2908
8025
17550
8716
1756
10029
16429
7240
6975
117
17002
6240
1743
8460
9991
2098
5430
14573
18462
1252
355
3361
18304
2852
6116
18230
3106
16263
16370
6885
5535
10279
9123
13537
6035
15412
9646
16346
15309
11813
687
16344
1581
4537
13903
2250
17394
17915
7327
15587
138
9565
5393
16505
10266
2419
11014
2083
9433
10722
12471
16799
3564
6243
1615
6671
4421
14545
18324
14343
9349
13535
16415
6967
13043
9166
6257
6286
8792
14553
9064
6024
12932
9873
17547
8583
351
3838
15573
8238
5871
13192
1682
15933
16039
6939
9777
1598
12649
10814
16889
17822
4863
18288
1604
16069
7392
3403
656
17511
267
16235
15788
16349
15839
15227
401
4868
7089
13863
3036
9939
15567
12927
6350
553
10004
12584
12903
8332
14790
12418
16280
10176
16648
16483
14620
375
968
10571
7267
6969
17217
8007
14742
6849
14362
5242
8617
1746
14608
1888
13913
14890
16434
409
10186
9863
9874
1790
3658
18141
4203
6089
3378
8815
1193
476
10015
18371
6309
2049
374
11885
8000
4372
7388
10747
10796
5172
10271
16354
11450
14595
13387
3461
3163
3364
13955
18118
9684
9862
15232
3624
3793
3380
6329
3937
7093
7017
10041
6873
7597
8179
18424
7445
15856
1618
12486
10993
16396
1220
12446
10979
4869
5484
7213
6486
14636
8879
16985
5963
7662
1590
599
6402
12997
6610
9879
13072
2405
4913
7544
17349
4283
7731
5129
18425
3121
17297
2207
8768
8292
833
9932
173
5094
15719
5021
13795
100
6712
7780
17461
5748
659
14441
13529
11972
9635
16689
9213
16829
3354
6788
1445
669
13918
15258
12876
2522
3167
13140
2739
15257
12655
10317
6004
16576
15919
5520
540
9982
2929
6841
7105
11644
8255
14259
17022
638
11278
2246
12882
5015
3539
10216
17341
9741
9079
770
2370
7610
9850
3412
16269
7034
14093
9093
1240
17330
14444
13283
4072
1717
3897
2949
12957
16175
4682
2818
15178
2149
740
14085
1788
12084
7150
2900
10914
16348
13022
12644
18421
597
8189
4865
4011
11980
8919
13224
15702
4146
8143
13379
11247
15158
7670
16767
9309
9582
4371
686
14229
828
17982
13033
6791
3069
12864
16188
7421
15583
1657
3668
8839
3304
5729
4144
8113
16515
2823
5357
5650
5974
191
1331
4791
7605
16086
14385
5224
8381
11044
4705
4540
5071
12262
7486
11016
12777
10066
12860
16453
7512
16381
10011
11178
2948
2290
2822
12648
14233
1570
17813
10990
11353
17477
2034
11535
689
15073
15166
1819
10075
17206
6555
4727
17854
11217
11743
2091
10335
11594
10083
4295
1346
10448
9665
6874
14944
8149
4187
9583
14514
11471
6199
11566
9264
18275
9384
18164
16499
5007
8861
6687
12848
2999
3498
4193
2178
9569
18095
11920
15341
16238
17609
10314
5239
16569
5989
3256
16233
4196
10438
18311
8159
13338
8094
10403
17726
14042
3845
3201
13608
12241
4463
15
9077
1118
6029
15894
10727
10196
2627
1602
10126
5396
160
15160
12752
13247
5553
13069
5102
17252
3500
4535
6866
12901
4466
6731
12736
16487
11677
11381
7217
8028
18091
3041
13603
14380
17994
9357
10681
4459
6513
13651
12581
9090
2610
18050
7920
1507
7006
14619
48
9151
2827
8055
16990
9770
1429
102
14277
6660
252
1012
2997
12371
8048
14558
6069
2762
14113
5892
14625
4028
10115
18194
4158
15769
15321
3031
16479
1924
13869
7222
11294
16875
13722
8367
15683
1187
2869
17648
6287
18440
1630
12185
15750
3638
2362
6171
16480
3649
17999
9080
2113
12490
7878
1124
9679
1064
11219
4279
2651
11534
6458
9817
8380
4374
6976
16221
837
16507
13816
1230
11338
15942
14336
1658
2556
17399
5498
14921
7112
570
1204
15039
4007
8784
8266
1521
14451
4509
3730
8076
11891
16581
7791
9274
14402
4227
4784
14520
13086
497
838
2092
17578
2408
18034
5025
4349
12781
13392
504
4045
5801
16891
16593
8643
15796
8674
13488
11873
16226
14205
11059
9983
12723
10174
1558
5513
15863
14900
2974
15281
7273
6122
16826
15065
14703
12574
4358
13797
13851
2926
7704
16877
18145
262
4068
1096
3548
12012
17189
8243
17410
9690
6539
8008
3541
10787
41
13182
12073
14476
4475
6282
2991
6098
9597
1031
12505
18386
3949
14663
13493
14655
3426
13357
4954
12352
10765
6642
13294
11170
17323
3365
1023
3231
5188
5542
18192
13163
11716
11371
16003
17707
17513
15664
1951
3818
2087
13051
6043
6726
14365
13014
29
2172
13222
4660
18283
14019
13368
4289
12103
18339
1341
16461
9754
6397
7538
12013
4314
12273
13418
11091
16827
9348
16106
7442
2208
5017
7031
11210
15308
4322
16551
3129
13197
7577
16373
4360
17329
9450
15572
17287
16960
8441
5749
11935
3359
10848
2313
18287
6461
13284
10823
7966
8195
12748
7052
202
3248
640
7779
10374
11425
15113
2229
11791
18341
1542
5169
14906
1673
14675
11618
5789
5662
16037
1126
12264
16717
1075
16228
14953
12164
12276
10067
15760
13234
5124
9215
4123
16837
18036
15512
11460
6225
10554
2939
16051
8418
17749
14155
10175
2497
5322
3535
4713
14141
17681
6922
6405
8323
2148
440
15902
3501
12916
13187
15107
17794
16642
5338
3153
7807
9156
6779
795
17540
17862
26
1999
9499
391
12025
13231
460
15739
7721
5745
12357
17903
8651
5751
11698
11071
5257
2388
1487
1530
6081
5954
15571
4141
11395
13868
10968
18073
5073
8115
3175
12291
16439
3178
13777
14521
8328
3694
7862
10563
12804
9588
8385
17731
18375
18063
10788
5506
18206
11798
16522
12788
5236
7884
16980
6039
12355
17284
11106
15009
11422
2574
16058
8318
13009
7111
12042
1151
16825
5590
15665
1241
17413
419
16895
15060
9247
8810
13605
11606
18155
3686
1753
12325
8666
9660
16791
11123
14373
5565
18028
4841
11500
4177
12395
3869
11958
12430
7227
12032
8337
18004
2403
1910
17820
5620
1482
13080
7549
12830
4115
5010
4070
2187
13733
12165
5486
5826
9559
14408
9676
4758
13426
7763
13029
9278
315
16607
6431
74
17900
7511
2688
5068
3090
17366
4334
6733
10950
4510
9313
7426
2434
6919
5121
8885
1371
437
576
11871
10889
4792
10703
4505
716
17468
4242
2825
4684
14766
12278
17770
1295
16418
254
15391
7771
3740
13480
6241
14688
7824
6806
14119
8384
8774
13788
9143
15637
8125
6145
14525
4822
3753
10482
7155
11754
6100
11919
13361
493
3266
14960
13853
16705
880
691
15790
13841
9034
6009
12515
7828
7147
15743
8887
7446
18345
998
6328
12480
1798
15447
8459
4096
8158
10445
2669
13621
283
834
12076
6185
14396
11724
17313
4220
8825
18453
7770
7980
11667
3284
15616
17310
11852
16752
9030
4989
9782
7968
4151
17168
12018
8442
18014
6612
706
14898
5897
4555
8737
11776
13062
14390
9159
4
17058
2228
17019
13362
3733
4415
16554
11684
2022
12428
11953
3443
2606
14590
6598
104
7742
14814
11862
11832
3886
1089
5363
15474
17388
8588
15610
13932
1218
841
14425
12703
1099
7298
11542
13000
3345
6249
8892
4745
12984
2108
17000
6180
17885
9201
16100
871
6440
608
16918
8099
5175
12556
17755
12312
8123
16605
695
7028
16951
10019
4885
10719
13677
12568
6374
5256
3315
4497
15526
17523
14828
4114
111
8492
6641
17209
3481
14989
8081
763
6099
4620
913
13552
13336
9467
461
9132
5365
8736
13367
1594
190
2377
16540
14617
2315
14857
11867
12478
2071
872
10837
6855
4600
2891
15211
5894
7001
7833
9462
18313
4663
596
9158
16690
11978
2023
2303
5247
7829
3903
6055
12221
7258
9395
5794
2463
5158
14851
11003
17588
16038
4417
5527
7523
15767
15675
11394
4277
17914
10960
13589
7312
10569
14767
11110
6314
8722
7582
17696
3144
17539
4249
3210
16240
9441
6411
17004
17944
7139
728
6015
1251
11634
15212
17169
15231
10446
12062
14707
1461
15078
5791
8981
12280
1629
2509
15684
4789
16494
16944
11900
13049
5605
3326
4100
11226
14813
6861
2295
9824
7998
6234
8356
9249
9002
2386
10023
15829
5036
17218
9231
14418
8372
1007
6452
12580
922
3811
16936
5401
60
9508
15554
4548
939
13501
619
13354
10232
9567
9795
9286
450
3997
15793
6478
10229
17357
14459
11513
881
5109
6398
15578
8506
7776
17163
7354
4204
16907
13351
16015
150
13557
58
176
2592
227
4584
5870
18330
4804
6080
14587
17212
13207
15225
15877
8998
17012
9725
17602
10951
98
10227
3118
13055
10694
17538
10854
9078
10533
18395
7825
11745
10481
5597
11268
632
4624
2750
11112
16174
4256
17122
1256
14381
18240
6363
1333
4139
15356
16638
18102
9937
14908
9767
8636
10331
4246
7000
15151
11849
3645
1769
7036
9335
14646
11815
14180
6296
2608
6067
12127
16625
17320
8319
10686
9232
17960
6540
7080
6005
8567
12990
690
16821
8065
13586
7903
17919
668
1659
18418
1412
7635
2525
6622
16310
2820
14576
8264
5610
12575
5819
12250
16854
13709
17843
806
12339
1110
17008
14970
17071
5689
14528
6311
4914
16408
13008
1148
13226
13485
688
7393
13876
10809
4147
533
18225
14495
10494
11655
8446
14477
17042
14538
11586
4589
6718
7430
17760
4208
9072
3298
3308
5808
1567
17810
14313
3978
6226
810
1939
2272
9830
13888
3611
15029
7547
15588
16437
12391
564
17955
10459
12689
6434
3893
13091
3353
1167
9562
12862
13576
2966
15931
3051
7650
1675
13460
3880
11831
12780
4521
15696
14311
3891
12225
187
1091
15816
3974
7085
13672
5182
13901
8840
7960
11186
3572
12623
9389
10330
2124
4225
1041
149
8732
15168
5473
11108
715
9642
8980
12772
3020
9650
9661
16205
1533
282
4197
13473
3332
13907
9634
11009
11075
15048
7309
15418
14245
1440
9329
9946
5784
17979
6790
11943
5756
3372
11082
9675
16511
6824
8339
18298
9610
9324
15192
8751
5265
18441
5761
121
7403
17393
15657
3000
14775
1866
11993
5228
17271
16943
15852
14869
15519
15938
15498
9752
15119
5718
28
1767
7076
7765
12756
14581
3002
8279
5208
9875
17811
2262
14439
16579
8835
2815
15128
17166
5181
2704
9289
14863
14848
11998
5008
11600
7798
12599
7256
13690
4892
11464
5373
4645
2581
16785
1704
15591
6951
3931
13088
5949
3688
15921
13554
4270
16049
7315
9515
17267
8344
10818
1489
3246
10032
6084
15353
12386
10436
2779
1138
12097
11065
11559
1512
17204
8402
9318
4835
11181
7230
16617
6499
8162
7151
12177
8437
7338
18008
15709
1057
12726
16084
10857
11565
18101
6706
4380
12006
7302
5634
18316
11180
9730
15184
14546
11700
6382
11143
9014
15551
1137
15532
12060
2654
5089
5421
11491
14505
8096
16811
16163
1945
18105
12944
13196
3394
15881
1723
12043
10504
9550
2006
16519
17907
2712
14107
16630
7839
4975
1485
4347
16093
3196
18253
7419
7096
14783
7889
14034
3842
12309
9168
13880
4238
17201
13030
9800
9584
3305
8216
13162
3247
14469
8794
16957
2344
5376
17090
6773
10778
277
7123
16919
8632
1405
13720
3197
7900
15811
3581
9682
16712
16325
5885
6747
17305
1496
4958
4809
2867
8734
11823
3128
9753
3159
3418
8451
1573
5936
2269
15265
4828
3442
5679
8394
6269
5554
3377
3848
2538
6800
5705
14758
11354
8215
14976
14395
2200
11463
8220
8204
453
7775
10183
9421
1203
11975
6508
17537
12735
14134
11525
1305
9959
8693
11984
14796
9165
783
17757
7464
17946
14661
12121
8563
9992
11021
4473
14397
8621
14926
3374
9648
15688
1392
1795
5862
9590
14985
7154
7665
13374
12308
11401
16251
10647
14338
299
10828
16783
15148
6618
13342
12004
3376
7959
16191
3700
5223
16196
5674
9698
17717
15617
14480
15776
2979
2329
13941
11388
16055
10522
17929
18156
9827
217
15562
5920
15887
10111
2968
2768
17734
5602
17426
13454
10365
13292
10925
11084
12805
8664
10976
17068
12153
5953
8805
17940
8128
10644
6119
3120
5134
10937
4058
17319
3185
13930
563
12620
9494
1435
17692
10210
4064
13564
3513
1735
9403
13074
10154
15484
13016
8785
4685
449
15167
1981
5387
10375
3820
1902
14759
12753
13050
16750
18183
971
14808
15297
4059
18003
266
6608
11390
17077
10058
3388
6633
16602
15020
10619
18469
10786
3419
12769
15095
18419
10157
6233
3488
14774
16160
9260
8129
9207
4850
14682
6935
5762
4373
13526
17143
5880
16210
8904
14717
2248
13613
14392
4569
6176
7890
6310
8019
5557
15823
13279
6750
2801
1892
13915
9593
6136
16259
14846
12713
15521
18151
3998
2549
4796
3894
17471
52
7342
14691
10503
16242
325
7321
4999
14420
6293
5919
272
5996
11277
5260
5205
9551
18002
59
3233
7546
6420
3321
1808
17881
5070
11194
6693
12116
6085
10191
10390
7041
14159
10014
11733
16667
16016
13334
14631
9884
2555
8986
984
843
934
9708
6956
15624
11455
987
16880
3043
2018
10704
3769
14787
1641
7714
11924
14905
17127
17215
7607
6494
3922
13385
14519
4634
12961
863
18087
9214
16651
7856
11626
1415
16911
6697
18447
10656
15057
16706
6531
1754
8484
17835
4433
10476
11145
14738
10777
3039
16098
12334
2716
5432
7643
2582
12938
2232
11270
3088
9601
17932
11477
13270
11473
14262
10775
17103
4941
6468
13547
6383
17142
8396
8089
2016
9845
6948
9486
84
10018
5504
8822
8346
1382
2275
9868
11693
12220
13495
17572
1787
2238
6934
6048
1364
4272
9794
92
1374
1386
8226
767
1588
6648
358
8987
10209
13599
12702
10652
9861
593
11015
6346
6463
12113
16758
5395
11197
3098
14363
4832
8809
11202
9241
13695
13727
11999
15893
347
8522
5496
5379
16693
16246
8641
6957
2180
12564
4145
1069
479
1591
4909
11140
10650
3258
11221
18197
16669
639
11301
8780
12260
6728
12040
16754
7740
4445
15162
1255
7121
9392
3400
10008
14241
13908
5407
8606
12978
7729
5149
4715
2667
13103
18284
4292
3487
16355
1475
18396
6913
2421
7263
7897
13155
7697
2051
7125
16012
11858
12074
3669
8283
7835
1266
11662
2545
11803
12402
11639
3319
15503
2206
7407
15144
15849
12118
8691
16928
14705
10902
17943
3913
11681
18369
1008
979
12688
7171
4449
5940
15169
27
133
13754
477
7583
331
14930
11175
10924
3171
12814
13726
1169
10764
6722
10090
11320
2889
7614
12951
14010
10275
15122
17562
6963
18088
17114
14340
11214
5533
7842
3533
5937
12089
11449
4520
17804
14271
2286
4790
5822
16192
7848
3089
2191
10717
5012
6044
8863
13179
2031
3962
5903
13884
16808
11551
8997
18350
16156
4996
7395
2086
3989
17888
15954
7741
9561
8277
1128
15518
7029
3200
17075
5909
1442
1915
1006
11571
6406
3213
6851
14456
2476
18158
8165
17481
2876
3491
4435
16472
13064
14596
976
13895
11913
17091
9807
12049
6380
14323
8572
15779
3423
2531
1153
4829
6988
17548
8389
5116
16999
1740
16532
2059
1969
3622
3992
5276
3047
18023
8695
4698
12774
818
1488
8707
12281
12651
11239
12704
31
13854
1791
15186
3050
13333
16862
6026
3831
16186
16097
635
4656
2284
5922
1828
5869
10528
15185
14298
5284
13588
10723
10886
8813
458
17503
6867
15096
9394
5656
5643
12461
17828
16946
5664
10138
4427
12447
12007
13582
1505
4880
8144
15022
6812
5727
9175
3061
5248
16632
3338
10352
5034
14490
13372
12524
15851
1157
10491
2918
8398
3680
14114
11707
6667
6503
17104
8590
4638
4564
4405
10793
17129
16849
8702
5106
15047
6760
3747
7304
4424
6050
17518
12213
18318
5469
3223
12729
11856
2960
5907
13697
8241
5317
13763
13070
11643
11216
13950
14732
1394
6279
4422
15442
13001
15663
13216
14992
5189
7399
2736
9942
9726
12741
8909
17996
16663
15740
13264
15370
2685
5536
11038
15103
6317
7104
11360
7554
13345
4112
11101
4953
15362
9883
13327
7114
6534
13818
2343
10028
859
3181
7362
537
1370
14778
702
13610
12842
15074
14978
696
15607
6701
18373
17534
10508
16303
3462
6837
17576
483
15682
1859
10830
9073
9704
12868
7343
8276
8295
5966
4648
106
12906
2274
16647
5681
4226
13779
16666
8141
15569
9097
10165
18323
9040
15862
8917
2319
11779
12442
105
4617
13800
9474
2726
8300
4318
10633
5207
11807
16501
5598
4086
3300
13199
10680
16977
5085
12705
3389
1449
13239
9944
17244
7266
3981
12187
6491
1899
18321
14496
3796
11905
15968
1125
6521
44
12817
15644
1481
4856
13654
14518
12487
15013
17465
4381
6169
15360
4224
9757
16074
2003
8821
8167
17948
7148
15597
14106
6985
2077
1102
18100
4294
17508
4860
3824
15409
12056
5594
13948
13809
313
15627
455
10895
6230
14303
15339
10706
16335
17160
16312
13098
11128
9814
10047
15164
15596
3136
3161
18457
17590
15017
2359
3390
14375
1178
9882
13784
15092
8095
16736
11860
4300
12762
6052
5482
7282
18029
2349
1506
3631
14000
7277
136
4729
11025
517
16883
7286
17434
16140
11821
4067
6416
17157
2865
18203
16372
14082
11533
12289
10153
13846
17610
15925
7491
12242
1696
6670
15435
1633
14154
7794
466
2542
12359
4661
4429
4469
11118
7587
12233
14302
14248
16598
6902
215
17814
16082
7567
6488
6952
10037
10329
15018
15628
15943
17634
2874
11089
6912
17515
13531
8257
11990
13297
602
11989
10949
5792
17036
8112
14624
16377
1262
7287
9732
13517
17158
14177
8760
4886
18157
11485
16198
14351
9356
8073
1552
12871
8628
17595
15481
7262
15892
15956
3659
726
9051
8379
14013
6640
1086
15557
4622
12137
1246
13177
13951
11228
16256
9576
14224
17591
2899
6075
6566
10089
10085
17380
17214
11826
10851
7397
2584
5552
14531
13322
5743
16433
4959
11345
5347
8658
1786
10264
14744
15112
4794
9849
1585
1616
17255
11709
16231
5088
17571
2089
107
6549
3876
851
14383
592
17695
13360
502
4962
8566
9906
16589
11620
9098
2119
9443
3795
17793
2694
8413
2350
1878
12677
2824
8479
785
8100
9178
10978
10170
3579
4014
1532
14355
5184
11628
5353
2576
12203
4403
11209
10825
10449
6572
16570
16661
15027
1666
11612
16347
16517
14064
6767
13143
3943
6751
10465
17258
6904
2993
8422
12766
16414
8761
6474
12517
14368
6224
4610
4652
16200
13752
4957
9124
9256
16831
765
8790
18388
3504
279
10319
16420
15494
852
8447
10250
96
3960
4939
15758
7167
14811
2962
13749
8500
16548
14696
1765
6522
10909
10876
15285
4697
17876
15647
4577
13496
4604
4394
3494
11024
6844
9806
4411
9218
13636
11439
5911
13900
11050
13403
9516
16973
14515
7880
9680
1744
1101
18366
3589
7882
5846
2147
5796
8320
2348
3701
9142
11313
5740
2591
13630
5029
3208
13961
10204
750
7744
16154
17197
3642
17124
1522
17073
544
2903
13822
10332
1818
14685
14097
18391
7611
9405
694
10678
4969
14429
10440
7361
7571
4350
7265
8212
5500
14427
7078
13675
16650
11037
1755
4731
12721
6125
17684
1982
7141
12255
7849
1471
10606
261
7725
13095
944
17469
18281
6409
18109
17082
9840
8010
8312
6297
2076
14564
16076
15687
14288
11318
5531
7352
4922
3549
12493
7283
7457
15428
1853
4265
15855
5390
12126
378
9442
6562
5226
16931
7944
5283
15685
13746
6278
13622
5445
10400
13739
4670
1587
15354
7333
5657
13170
43
8686
2254
8808
5275
8364
13010
4268
14887
16845
10013
15034
5628
15826
8103
4361
9823
9482
17291
6202
17490
17095
6112
15679
4522
1209
13549
9667
3379
5142
2260
13450
8538
16965
1887
7608
13719
231
15274
16363
16045
10405
4501
4052
902
15487
2336
7796
15735
6358
1028
801
7242
17235
4133
7681
15125
14658
14376
3609
12877
14175
11613
4593
9193
1559
7535
11177
285
17499
3245
7659
8891
4020
13349
12219
10513
17778
12451
13268
16963
12176
18000
2893
5882
14779
14463
16406
120
5746
11848
14054
737
11148
11367
4947
10009
13429
13891
9808
2333
6523
647
7930
8876
10817
6884
1732
9221
17052
17908
524
11032
3071
14862
2054
2980
18053
5150
14991
5411
2399
4252
14332
15671
16564
16102
7415
2441
128
14015
17839
2598
8912
14665
15940
8661
5829
18137
14785
7624
5160
17423
2449
12812
16374
10641
12071
5902
6626
1722
10290
14609
16319
6260
2007
18229
10667
379
5890
14583
1238
9219
2436
1248
9026
13440
9479
3639
751
1039
6300
14070
1593
16683
8527
15929
5845
18380
7948
16314
3544
4764
3486
9468
3094
8142
4502
13768
2804
18093
10685
13121
9082
2095
15806
13505
14831
624
12287
4423
1491
13365
14694
14370
4109
12420
12396
11043
6373
3877
1285
18062
4117
15414
633
7237
6294
13862
9480
17969
2957
11692
14792
5104
15431
2346
11898
15436
5971
9315
11019
11883
5834
10701
12171
4616
16820
2392
8899
17709
4596
9475
13826
12530
5232
8431
9444
10908
7099
13111
9153
1526
12178
14760
10657
16430
3343
15005
17220
8087
14266
11734
16211
11650
14045
15805
8922
403
12899
12246
2168
13980
600
14756
12950
5595
11708
11056
8900
318
5424
85
12764
3285
16222
151
11255
1656
5128
2047
2445
4572
8390
13120
17845
1730
442
970
10285
13003
5074
6708
8378
9663
4728
2488
97
4155
2748
5975
9954
5476
10348
17057
12631
15368
11027
348
14330
9502
9802
666
17654
779
4851
2585
4606
16949
755
9438
16276
15030
12525
16232
9681
11859
3287
18038
13791
12054
17165
15520
982
3523
16852
11732
7814
12093
471
14715
13011
17409
697
8973
5056
6115
11419
875
6860
12737
10036
16128
15654
15568
13782
12593
11297
16272
17089
5417
3108
9988
15338
7795
18204
17949
319
12216
6723
2995
15603
4250
11737
15376
10689
16793
7761
18149
13021
11474
2720
6710
15820
17006
17738
8955
8445
17298
14149
9224
8490
2075
9466
14670
12183
10920
7067
10095
12791
13902
18103
14384
7471
15674
15723
4442
12563
13971
10164
2761
11172
14858
3517
2697
10458
13132
139
13366
1961
1024
7822
7745
14267
16950
9410
3674
2649
167
7065
13370
5133
5684
11306
8335
4808
12130
12310
15641
1165
6485
11994
13667
6781
346
164
2513
6554
4546
7818
15703
7377
11769
17730
9491
10395
159
10096
6680
8841
9749
8630
13012
14295
15548
969
2162
514
2053
93
17401
15317
3157
13467
15541
1325
18012
15725
9094
16331
4303
9718
2532
10766
11714
16859
12987
13128
16506
5564
12194
13873
15173
2353
835
3929
1050
11514
7479
15533
2094
6628
8591
10276
9625
7356
3235
9536
8205
11259
5910
6053
9115
4971
14653
8754
6131
1490
4046
14726
2605
6997
16050
15734
1315
9700
16954
9338
16350
11663
4153
13463
13503
10790
15926
1625
5970
3222
9890
4621
10986
8961
17001
8246
13469
15539
5760
17819
8999
9915
2854
824
2500
9198
13127
18435
8236
11941
8286
14316
11099
16001
11081
10588
1579
1896
2527
12811
3527
14127
11621
6155
5633
16910
12709
15187
56
7696
5567
2746
1462
16337
9283
17626
507
18306
5872
15349
2994
2655
4282
4911
4195
70
4340
12240
4088
15485
6435
7249
14710
8706
8584
4345
9729
11531
11657
13481
15242
12918
2977
2536
9361
8316
1242
9401
15344
15101
5730
17924
8224
12995
15859
8890
8694
7145
15361
8920
13659
11469
11233
915
2642
1966
15240
1983
11638
3859
3203
7868
1519
7358
1170
14807
17542
3790
16036
9163
495
9478
6741
5556
4467
6704
7308
9697
5621
425
7049
7874
7570
7226
16925
12087
6668
3198
9656
8622
14614
5427
11748
11282
15710
17253
4042
14990
6563
4932
18090
15928
7963
8537
12319
8555
13100
17428
8797
10565
12561
10282
2139
1691
10859
17790
4503
8618
13561
13738
11962
3557
16278
3689
11042
2552
9922
1192
15831
13325
11991
2285
13474
6709
6144
4643
16855
18244
1869
9838
18006
11352
6040
5178
10556
23
3987
12675
14314
7748
7108
16465
5754
10975
12282
8539
10384
9252
13999
2456
1172
6828
15822
14770
2105
14524
16765
17857
10114
14128
17198
113
15320
1215
13344
13396
10305
6715
8155
17262
12455
16258
816
12908
11505
7004
11094
14081
4030
8948
17429
9439
12110
17758
16947
4031
13684
9029
12760
1923
2239
16635
7204
3817
16873
15445
8071
1459
16684
16998
2383
5013
2398
13178
12658
2895
6561
14289
18207
5110
6133
296
794
10005
9931
14398
845
16567
11305
15416
2658
1381
10456
12323
14029
12549
10938
7239
10108
7576
18166
8041
16961
6831
7550
9521
16489
6620
16814
1016
14421
6644
10347
2560
15996
7478
4084
17289
15745
8001
6810
9299
13860
3023
3131
8053
7497
12502
17953
6763
14448
1037
323
8858
16672
18301
1841
17060
4691
14206
8314
12514
2507
17381
6003
5532
4612
10816
4699
1688
3866
1154
667
12468
15904
12784
16383
528
12383
14773
14465
2371
10106
6925
16639
4807
13673
1695
16903
6594
17528
11421
8494
11712
9448
10302
9826
3565
1502
14377
4168
1997
12857
8294
16182
10687
1721
10826
8497
2773
8308
17454
2692
12500
1432
8406
10911
1835
8574
2856
5048
4419
14845
8764
8594
6157
9341
14838
15466
11753
13764
7864
16853
11956
3945
13721
13578
4771
15575
8772
14536
11103
8769
17261
1495
839
8742
11595
3133
1452
8176
6462
15410
5306
11705
15699
3847
6911
8011
1486
12794
8531
15705
11378
5492
17051
9110
10483
17494
11100
9674
12435
14842
1056
7561
12747
9857
9126
2361
8307
8843
4770
14123
14924
6290
3278
8660
265
18278
13484
11121
9342
17923
10981
13045
5163
10222
16939
3660
344
13661
11445
12196
2395
16732
5615
16143
7185
12718
14075
6469
17275
17222
14100
2111
15727
15978
12366
4025
14993
1874
9637
6336
5731
13653
864
11012
7658
18111
6517
16239
9973
18426
10822
15948
9146
16720
12195
18400
6167
6450
13232
8199
12716
11968
2780
8992
5271
9343
8416
13666
14454
17084
10868
5675
8267
4438
6443
6352
8629
9020
8309
5810
3054
8705
12609
11287
13566
684
11428
2179
10233
15054
14221
12521
15283
8759
16780
9852
6427
16586
3411
12354
4476
16369
3459
1838
9733
9591
9938
1116
16653
3160
14786
6699
5243
10125
11198
8334
7617
5231
9293
12271
15238
17065
14929
5174
3068
3705
15072
14291
7598
12112
3630
1036
10931
2133
14544
13794
6817
17229
13692
11820
515
16075
17208
2881
12011
12799
1960
10887
17607
16481
5141
8518
13828
18326
2838
4657
9947
8930
955
17983
5289
1903
8675
17630
1908
8412
12785
12198
336
2120
8837
18057
11458
414
1
10893
15120
15891
2340
9595
4105
500
6592
310
4127
9422
53
1391
2833
13935
16271
5750
6977
15377
17400
15392
10031
1680
17121
9346
17264
7234
3141
9689
8063
1647
4043
12367
7294
3291
4170
15138
3834
12151
3166
10676
11674
8672
16023
10792
2196
6629
9483
6391
5273
790
4556
13171
9487
6917
10432
16633
9024
17190
9547
10349
10850
5312
287
3860
7462
18017
4425
13303
9460
3574
13773
17353
13237
5364
10059
18009
11159
18246
13962
3650
1155
13928
17327
4384
11379
10265
8157
13301
6893
13781
7518
13188
7847
9234
12434
7928
8925
2633
15965
9965
3644
11150
2146
6551
1748
15618
14467
12981
14530
9846
7450
3602
3473
8832
4041
18307
17600
2358
14163
5069
15273
6515
4769
14954
3528
13559
9598
13648
7563
5348
11092
13172
591
14035
18363
1705
469
4984
16289
15970
14304
17902
13519
11068
17277
9205
4044
5192
2170
17377
15177
7322
1858
827
7136
5360
9962
11137
15777
995
14282
10954
12905
14249
1973
10748
8902
8668
12821
13617
6996
131
2781
10640
9033
12035
11258
8924
17354
5639
1197
8239
11922
538
5487
6529
6170
12443
820
11139
13448
11343
11328
10805
11963
4271
14566
18279
14272
16404
1792
9121
13339
12385
8933
13958
2870
6871
6298
15930
18182
15531
13101
12290
799
6464
18332
8427
10583
1782
5566
4668
8908
4258
4287
3199
6546
10784
2164
14270
7654
3626
17338
3303
10239
16582
13376
10030
14452
11115
12775
16624
9180
1045
14820
3684
7103
5601
10278
2137
9526
2729
14551
8650
8219
3955
10725
12057
8102
16751
392
8229
236
16699
14855
12136
10340
2631
16115
1833
16810
370
3980
406
6802
2413
3797
17037
1827
4048
2782
8435
1439
9756
10379
6186
6330
10240
9783
3743
4903
12810
17729
6158
4420
4672
5647
13082
3563
14689
10795
9113
3228
13073
13479
18215
18159
16043
1014
2389
3406
11687
10345
10307
11619
14414
5324
10900
15732
12743
1228
5627
22
17585
10316
5062
6732
17342
13053
5579
12197
15899
12047
11045
15371
8327
14713
1741
17521
10168
11348
10511
13108
9928
12166
7077
18211
13878
4732
1219
4284
14888
3839
11800
8715
7509
13914
15331
7238
11351
9381
17161
18262
9226
6237
14393
3744
1829
341
13875
1534
13253
7760
9500
360
2696
12968
3241
4101
8496
5032
3283
16803
2223
4273
14935
18005
16477
8171
12768
15959
17140
2127
15493
2110
16109
16162
17899
4632
708
18293
678
16057
4198
4906
13249
10834
15367
12660
16187
815
6332
747
5053
6143
8285
10338
6447
3366
3991
14333
17029
14654
10523
1561
15724
3879
13598
17781
12095
2217
5371
4171
4390
10200
16405
819
897
14919
10995
5887
17020
14660
15913
14772
4241
6632
16340
10324
11466
7075
796
10237
15182
787
9847
4454
11631
8360
18329
4231
10628
8903
198
4894
162
9797
16159
15808
18117
6830
6366
13089
2393
2956
10760
3417
2038
1195
7183
16688
5042
2910
3537
5264
3322
1513
9062
11267
4876
9719
7488
17182
17023
634
14432
5563
2840
7254
8175
9666
4567
1098
11041
8067
12000
9243
15636
2529
4557
16091
17219
10728
8363
15748
11580
11876
258
6605
2732
5377
10845
293
11658
4091
464
1750
16710
14591
15708
6857
5125
18310
14549
2017
2364
13929
6441
8851
2723
13627
14237
16207
5502
531
10751
12133
5694
11055
10928
1862
6354
7990
12479
1809
3464
8712
18452
1747
12119
12614
9301
7536
3405
615
12929
12186
16064
17050
2611
3296
1766
18191
9246
7247
2706
17453
12886
17151
14165
15872
306
17301
4157
1444
6408
6096
3445
804
5493
14610
9469
3902
15754
13471
8824
2909
16604
16657
6210
16641
15456
1898
12619
3221
2638
1205
3286
17642
12602
11504
1267
30
7668
3912
14136
2715
14714
7805
11546
12926
8391
230
8991
5454
12982
5524
7753
2236
13713
10076
3785
7224
7931
7685
18443
12897
9989
9918
9837
9713
13409
5632
13660
5006
6016
7543
5381
14025
4056
18252
1009
10303
9398
4725
7562
13772
6875
11558
13799
10599
1384
16444
1551
14910
243
3562
4870
11816
17703
368
4992
3444
771
5798
8355
2402
6611
8208
16833
1524
887
11248
5677
4882
15774
2614
17076
3055
6516
2300
11224
1777
3267
13397
7016
18260
903
12181
2734
15068
9831
3918
1263
8151
2035
12128
569
9781
11530
17242
9254
3007
5868
8692
7054
15385
606
8607
15746
7808
9540
16981
12975
13483
7366
15804
13968
9044
10539
4400
10579
16464
1962
4543
10024
2983
3921
1387
11944
18
13213
4625
14058
5159
2565
12936
17732
13634
13694
2859
11719
2681
1979
6624
2332
693
3512
2613
3152
5544
5213
7812
11030
13459
5328
14265
17378
14693
3826
14307
14027
11380
1003
11653
4002
9632
3724
2765
5282
15271
1614
8951
61
1281
3971
731
2637
14886
2435
12513
7581
5112
17584
10119
3269
13550
15937
5290
3944
8958
13973
18115
11576
5625
14559
13831
4259
1694
1294
7057
13165
6082
119
6807
14950
7472
543
7106
8218
1472
15729
2772
3065
1359
2155
13099
1845
16682
12275
17968
12653
15620
13040
10252
15542
2992
11079
12099
13119
7933
18320
13071
1985
2354
5026
3722
15251
12989
3432
1298
10880
4605
17203
432
14513
12301
7707
1132
13944
5873
4293
1226
5818
13580
4223
8169
5737
9784
410
2700
14112
17245
13969
12053
9921
2986
4142
11349
5573
1389
13476
1088
8417
8202
4038
13136
2674
16288
2381
9308
15615
11840
2263
8542
1516
25
15099
11215
17844
2281
11484
5304
4591
4961
13656
556
2722
12279
1989
11511
10258
11582
18255
14613
8954
4402
4642
14401
4636
17647
3862
11325
5016
11188
9896
17803
4217
10441
12234
14683
14825
4514
18205
5082
10581
11596
13686
7579
5534
888
14677
416
13894
15389
15159
6600
10173
5294
16227
9070
10746
9378
12504
2194
11171
9212
8310
1703
1760
12590
14932
13017
9435
12827
12714
14366
13736
7778
5830
12333
14611
16072
9589
6647
14725
10989
5047
8525
6442
2912
6682
8600
6995
1286
11844
7521
13985
12106
7575
238
6457
17754
3428
2505
12550
1601
911
7349
10107
13156
6883
12546
2291
12962
15003
4687
8058
10638
6792
192
7876
14227
4716
3357
12436
3832
4985
15761
13498
17146
3553
17577
1379
928
16670
16150
9416
13375
15737
6785
10147
15411
3534
12338
3145
16117
15229
18209
13181
13204
3264
1247
14904
17874
18098
5717
9627
10169
10159
12879
9993
7764
9206
2550
1679
12779
11646
10984
1968
6484
18303
13032
457
938
7334
1301
15972
9248
16234
9181
9721
7895
6657
4452
3789
16660
15219
13227
10897
18296
6375
18261
7172
13259
12592
47
10217
890
10131
1264
11516
12607
9227
3612
2640
11925
15387
9188
12145
15028
13291
13150
10462
12475
17925
8118
11629
6738
17056
1483
9054
1428
15958
2514
8410
17456
710
15330
6825
11029
11260
11424
18226
6207
12523
18181
8014
14090
6821
4432
13729
478
9842
430
7228
7896
4391
3968
18236
12542
2467
1058
12999
10649
7917
3005
15783
13310
17472
2301
5051
184
12567
910
9702
3603
8545
12894
6664
132
10367
13047
5926
12377
15676
17478
4927
7073
4483
8771
12170
8341
18451
10104
15340
7974
6518
8782
8078
16565
12023
13977
5266
14349
6872
11668
7640
12983
9043
4426
12265
6007
3299
7632
2982
12231
9147
12650
6973
2240
18180
9173
7201
333
6586
4255
7887
10416
7500
1049
11185
15036
6659
15747
229
14743
988
14256
6179
16893
692
17290
12098
14605
509
3985
5771
15845
2632
16982
18362
2216
4163
7233
6577
16079
6959
6477
12143
18446
2603
7573
16900
1327
2813
1319
3413
15492
1916
14599
4254
16391
8680
11283
6533
6716
13780
14006
1084
6448
9200
16588
11738
6808
5063
10969
168
933
13018
18450
3777
11617
1363
15749
6460
8515
3475
1351
17368
12393
6307
17240
15599
6242
5123
10945
7918
14503
7095
6638
18437
16122
13186
7867
15524
12939
7448
8275
6274
14044
3561
6213
802
13035
4143
13925
3511
15998
5292
16701
10712
12998
6221
9745
10729
15280
1376
18119
11322
4486
13829
13732
1575
11438
10359
8554
14955
4183
2438
8265
13590
11441
6845
15319
1836
16066
16700
18022
16113
11002
9622
11563
10591
14239
13735
15495
2511
6066
17564
2391
1322
5519
9534
10447
1957
1544
16297
8133
10593
10926
8021
8278
6826
9722
1106
3779
15365
11575
6338
587
17831
12041
9738
2735
16459
585
16673
7162
14251
9815
15042
6356
11888
9446
5337
10188
17205
6252
1336
13696
14072
1873
993
6541
4681
14782
11607
6643
8234
8993
4098
10782
6560
7032
2901
12846
436
10918
18273
2897
8529
6813
7943
15977
9775
1768
17061
1774
7404
4541
17356
8532
1937
3661
7660
6000
6490
1310
10875
2153
18234
14824
3012
6590
10770
3714
4855
14273
9539
16612
3655
13771
4703
14101
15335
12571
17334
15589
16366
611
12547
459
15352
15134
4781
9432
4122
3205
11017
4562
9320
4456
17867
10535
3397
4369
4075
14424
16286
1112
15801
10923
7090
9994
808
997
15118
1499
15293
12793
10631
8004
7153
8231
16002
4104
9581
13565
16217
9920
11370
15247
16033
7657
11274
10466
18129
7992
16865
15176
9771
17566
13131
5287
825
16027
9116
2665
1216
5270
3973
7626
849
3052
2619
5895
14699
1450
17606
14126
2439
1288
13952
13438
11587
12750
12227
9714
15434
4066
7138
9568
6652
5857
12603
18208
919
1793
4819
1194
10065
10933
4248
9900
12610
18315
10452
122
5735
9844
3977
8366
3240
2691
7504
1996
12786
3853
10364
1546
13988
17370
15694
6923
123
4099
547
8105
3290
12369
18140
12600
11168
3990
3034
17552
13887
10829
809
17737
7434
9271
866
636
2663
12014
16704
683
4786
12132
10967
13807
9779
16539
16498
12138
6924
14098
14607
8455
1201
157
5077
10254
17829
13364
5739
15479
10475
7269
7371
2060
17202
5342
15208
7207
8725
5138
16291
86
4296
7293
7328
12204
12732
16083
7893
18070
8820
5311
7484
6756
18176
34
17316
9557
4083
18461
7804
10755
12439
16544
12536
2755
532
4845
5509
9021
1302
12831
8943
14004
7949
11279
14404
671
11086
701
9955
14947
13844
17193
5813
15986
14722
6730
4560
1977
3082
17964
16543
7875
7193
1420
14791
2210
6453
9630
5641
6110
4074
1852
2052
714
10488
15055
5038
15825
11144
8910
13572
11665
18144
10146
6994
8235
14354
6325
3657
13006
6471
13680
3617
8083
6079
7390
4504
3016
15553
2307
12847
11330
844
11952
3896
9986
13623
16997
10309
3947
13509
1097
18429
4981
1434
5570
2452
712
6118
3105
5093
13020
4055
1988
12512
14264
4430
11375
17141
9122
1956
13704
15672
14096
7530
5268
223
17024
9261
15086
15452
14656
4125
14065
8291
6651
9655
13755
5280
12374
18338
15417
17863
5499
10827
6630
5217
14260
15197
6556
12551
1073
6890
186
646
7196
9548
14117
297
16508
18292
13356
13395
9382
6345
15552
2950
11675
17661
17990
7243
5558
433
629
12895
6120
6895
5262
17716
9189
9185
13285
7140
14754
7068
14026
7678
7502
3926
3608
4915
15772
17965
8164
13865
165
17816
11923
9016
18302
6604
10247
3758
7433
9275
18054
8755
4795
13756
13848
11272
3515
13942
9385
10733
14589
16550
11544
12199
4262
5097
13592
10428
5831
16933
5715
7541
2985
89
15171
12942
17473
12577
18258
15014
5485
14339
9940
6414
12851
16502
4111
5075
6843
1451
5783
15427
7379
10801
14543
16958
17772
12094
232
9523
15174
2384
2351
1292
2454
7975
15721
9220
4993
480
3307
12696
5313
12967
11234
932
10443
14568
8877
417
15961
8121
17638
13991
5983
15885
9050
11156
10133
8585
14618
15199
6152
1018
5864
10673
13208
9455
10071
14310
16214
7050
571
5173
9377
16601
10596
11312
16714
7375
14755
17853
16761
2256
2181
3627
12872
9945
10645
16609
2902
17632
8889
6231
1173
11916
14083
16400
10697
7735
2
474
11126
13921
2231
3995
13825
5948
1353
4370
126
5875
6740
490
1832
275
10783
6272
17367
9477
768
12142
5414
4321
8631
12538
10732
4752
17986
1283
6578
12953
1406
11451
14535
7602
11129
10753
15997
8052
6862
8022
3314
1654
4470
12459
17747
11141
13839
14638
6238
4931
5092
11910
6064
15329
778
1770
6852
3045
15453
2837
18069
16132
13148
6707
12849
7200
6437
14148
15989
5058
8996
17764
13645
7064
11630
12583
18347
17679
14788
7840
15115
7967
11911
16219
189
7178
468
8466
11158
17016
784
8568
18085
9731
17895
10286
81
18368
16839
5508
5522
12131
15523
18263
15860
12606
13892
6148
12376
1662
5057
16158
13674
7988
2026
9353
8018
5394
2559
17512
2161
17554
4594
17683
6150
15707
8377
13490
14074
14166
18290
14109
1941
14091
11833
15311
3112
2175
8534
7923
2318
15963
5946
18467
326
6945
11153
5191
6377
4598
15093
15634
7999
7116
3560
3715
3950
9855
14488
17234
12090
12858
3110
7588
6
10205
3672
11097
6926
10369
16753
14574
10464
15601
1814
15081
1059
12797
13624
2431
529
5507
14836
4328
11034
6950
203
16189
1749
7458
6820
18122
1271
7326
1140
8605
11915
6548
12091
10580
10660
618
12389
11749
2931
8721
17101
631
7596
12222
9657
16365
17485
18072
17714
13219
17133
598
16443
7235
8676
10913
6291
680
5529
423
9957
16376
2518
17379
11855
8866
7475
1778
10971
3186
9298
10605
14423
17098
4650
5315
6318
15853
14481
13744
15501
11740
17231
4344
1159
7935
5165
7
4243
14012
1161
14032
10564
13516
2306
10150
8035
2954
12925
14489
13835
13313
6829
607
2557
13743
13665
16061
14030
16135
6869
18160
14763
3697
17421
17191
9397
3393
12776
5358
5744
8970
3664
3124
5604
14816
3810
17975
17152
3015
8059
7676
11520
6184
10291
249
9139
2805
539
8119
16763
13200
9964
1877
16658
6856
5666
12061
17324
4905
15563
2573
8551
11742
16904
3868
5064
2653
11265
10016
7332
1145
2235
3865
14639
3606
15381
8579
14794
7417
427
15296
13927
14211
8456
13687
1577
10380
9603
5778
18059
16897
11078
2845
10677
7300
17466
1366
10666
17280
5437
17225
2835
15295
1936
5603
6394
2453
11495
7542
8750
11690
1317
10935
17344
14335
4633
5356
12559
7637
3966
13241
14728
7592
17636
3529
487
10230
2046
4488
9048
9149
1214
15815
12230
15864
8786
7019
9651
17821
10642
12969
9418
13153
14739
8845
2128
10671
11498
11497
5925
17801
8061
4893
8017
11979
6481
14028
16101
10939
16645
14651
12045
3325
2672
11805
16149
12553
18190
11829
2989
14297
6553
10473
1710
13575
14192
17213
3396
13164
9087
4986
2397
8865
7039
11490
15272
15830
6025
14011
5994
12758
511
9652
8207
5300
713
18035
6842
9869
15064
15932
13824
12715
2657
9172
4783
13221
11293
3571
17373
3696
10287
10974
4376
8444
12306
12358
8947
16779
13135
12560
7174
9695
14203
13348
4816
5942
5979
8823
12712
3814
5366
10151
11835
2426
2784
5593
12238
5955
3835
925
11369
7649
10312
5352
2121
3395
8168
17263
9019
9933
1925
13437
15482
1061
10802
812
7038
1600
2683
10063
15314
15865
6727
9614
7723
4209
11763
1553
9929
2707
17009
15032
6493
2951
2848
14437
11822
9473
6421
9171
11359
18272
7772
2757
4313
13112
13075
18353
17553
17272
1545
7303
14881
3011
15373
17739
16107
11127
11604
12096
10882
12059
10752
11721
8927
10010
14833
11908
2102
7274
11762
13154
18051
18343
11074
5470
11114
16613
2472
6014
663
11756
9812
13911
13109
4901
956
10506
3253
1762
2093
16968
15213
14079
653
12809
6700
14433
17627
10136
8511
17784
3956
14471
5908
4367
9728
16264
535
15753
3239
948
8282
12343
5551
5770
13377
15129
18033
12919
1907
2866
2816
7532
7691
7290
15224
16685
13707
175
5981
16629
4842
15290
7035
9144
5987
2427
18106
2261
194
14764
11983
8844
169
15813
14927
8186
15909
4552
12485
2122
12408
12188
9209
5690
6619
10781
8546
15075
3679
13160
13939
11892
6415
4895
1586
2567
1716
7037
13201
7134
13137
5103
1566
11183
5886
8779
1243
12173
17971
13078
5330
11244
16967
11645
2064
10526
1789
7964
6305
9208
13451
18449
9543
791
15131
13676
16757
3970
8941
10547
4489
10468
10558
6588
601
11412
6719
8361
8198
9162
6078
17506
1821
8489
4128
16053
4907
14450
13543
9788
15689
13827
18139
5918
947
18319
5884
14050
18177
3979
15386
3570
2710
5115
17777
1190
7593
9766
8033
3573
3137
14729
5912
17678
7638
11793
12066
8875
5187
5992
1217
12924
11196
1211
13609
10743
11523
10393
16590
13413
16208
10193
4943
4879
11454
10144
12902
10874
9574
14222
936
17658
14582
13716
5927
9895
15934
11914
12625
7210
9530
972
15049
13314
18231
16802
6853
6721
9340
3522
12324
12494
13380
10129
3180
14565
17463
8543
14278
4008
7629
3806
2705
11309
11165
4484
18135
5083
9484
13796
16255
7188
3482
16681
18408
6918
5320
2754
17059
14407
17723
12452
9197
6665
5497
12910
15656
13411
8620
8135
3148
9798
16516
7751
7639
15799
3924
7020
11423
16563
4523
13616
5199
13922
12350
7844
5477
7320
16674
13432
63
11373
12141
9505
16964
16680
10700
15598
13644
9451
11893
10847
8601
196
11818
5720
5828
5704
1880
16952
17890
18328
11794
7131
665
3598
10001
7953
5973
14776
4184
13882
17444
1447
17556
18094
12770
3070
17149
13669
1082
4154
9427
3215
2671
13718
16201
9463
8599
16148
6376
1843
11507
620
15780
3986
5680
8302
10143
17039
17922
13260
10884
6795
6907
9023
6342
6449
1950
135
16994
13978
7951
3262
271
8853
11000
13447
12828
11429
8624
5577
16497
5706
14735
11765
3856
5310
17178
8254
8126
17768
6208
3716
7787
1334
12191
11035
594
10221
6776
3277
10688
9117
7229
1584
6312
6183
212
15276
7599
17144
5833
1038
5947
3064
4368
15695
16542
5225
17210
11651
1254
14969
452
7548
9101
16194
8928
8425
11973
3190
14623
6147
5849
39
5723
1980
8871
10315
4900
16882
11386
14982
18143
2378
4686
16529
13966
6526
6178
3435
17470
16448
4760
13252
5517
4919
11688
13633
16488
16416
15499
3787
17224
11257
16052
17531
15795
1562
12663
7841
5823
15653
15214
8304
11023
9170
15658
11678
1655
1438
16730
8914
1114
2666
854
8577
18185
14153
6251
6319
5220
284
2777
1184
1797
1840
10385
9602
2984
5960
14592
14108
8576
11799
4507
14284
836
5726
2836
11372
14633
7091
15163
15594
7716
13382
7223
13792
15121
9420
8145
9908
10425
8370
18199
992
17180
17527
13842
13453
2938
8812
2937
11827
18013
9107
9617
15866
9186
1135
4718
16379
8006
15233
1890
1062
6606
5139
13518
6072
3234
5111
12506
9904
8971
3275
3899
17325
13321
2783
11747
5495
1427
12193
17652
9825
16953
15473
1854
17926
1847
9858
12801
7490
10921
11987
3130
2921
12594
14962
12724
9829
9154
3320
4490
4325
2365
2085
6960
7023
950
14889
12336
2166
12697
16322
15842
8375
10412
1638
11117
15817
17761
15612
14879
1448
1026
4191
9445
8848
170
677
6190
16524
9878
9010
8253
17715
4990
3259
15136
8616
5581
17339
15873
3347
8440
16514
4778
4747
12994
2469
17860
10520
9902
8916
13400
9425
9150
15593
1390
5024
17015
12937
13466
17520
4512
10000
16695
9303
5710
2203
4465
4945
7777
10194
5721
2597
9727
12368
4874
1189
11220
1123
3506
49
15648
13439
1667
5154
6881
1622
14133
12985
1687
1940
5255
2616
11250
8080
7600
12215
12351
6559
1136
13762
8570
17088
2686
13662
16631
16427
8252
6584
7158
1571
8842
7045
4739
9805
7694
13215
15454
16299
651
15920
2882
16413
11578
13389
10484
4004
9006
9566
14409
13698
11814
1678
9769
12960
7642
8101
15497
1617
16287
10199
10560
12051
8251
9130
11977
10356
14769
9379
13604
3479
6344
12148
2482
8923
5769
1771
12068
6140
7374
10117
7359
14238
17625
9037
1652
8878
7564
14056
7271
8411
4920
17069
13870
8382
14909
13626
9373
5561
2945
9835
11557
1417
746
13431
1430
14708
2020
4383
6753
6980
649
5797
7666
12665
4190
11819
817
3591
5278
10253
3759
3695
11235
8012
17194
17533
12161
2360
8351
3335
5386
12627
10607
8834
10052
15981
115
11187
12884
2981
6020
1034
13444
9259
14541
16056
11897
15462
17808
9735
16311
1628
10551
12863
2030
8862
9493
3708
3083
14822
10545
2546
3530
7996
14412
2724
2177
1279
13587
15170
1922
1150
2742
4305
3667
9927
9240
7424
17871
9899
8974
8516
17649
11208
11930
4276
9615
5281
1935
12548
17412
16451
11199
155
6805
8016
13289
12122
8462
12315
2615
1780
12922
923
5200
18274
15062
17616
17586
14003
5041
4138
4740
6766
1794
5385
8867
17113
2622
12844
8940
14506
11774
7244
11242
13244
4720
11909
16568
9553
9135
16832
16747
12410
1280
1742
12761
4323
8521
3901
2078
11085
5837
16876
7018
1745
2376
8633
3164
4188
2515
8330
4065
6684
2942
11407
276
549
7295
16937
1515
14671
10568
5617
6160
1718
8985
10088
2079
1360
18045
17226
3616
18172
2699
17889
2933
4853
7369
11906
8213
11147
2100
12566
16120
14934
9161
5319
14859
5140
7736
16092
5245
10711
9776
1289
10721
7149
10661
9509
2063
10736
14996
9431
1643
12101
9408
216
11397
5806
10091
15639
15810
16456
10716
2641
13494
1446
7432
14292
8793
1520
12009
2785
1759
5999
13761
3703
5521
13145
13462
4930
11262
3430
1779
16022
40
2544
12424
1804
7994
10308
9649
723
17102
1186
13295
17365
7783
7857
5943
7482
8975
16941
1326
6117
5343
15045
15026
12109
11456
1149
11806
11067
7409
6946
11013
6690
16
9901
7888
10731
3584
17567
12562
12832
9277
5459
14701
4994
2202
14204
4156
10958
8679
2335
18077
4130
12425
16085
12755
11786
15966
328
15504
2096
10234
10243
5449
14410
9599
11007
4743
6735
1993
14137
9145
10815
1574
4970
17309
14321
15847
7574
3641
10762
14214
14426
6105
16125
10800
15384
18048
125
6501
3056
7792
3723
17017
6865
9664
18027
18412
17947
8549
14723
3206
5977
15002
12694
1803
5510
8827
14146
12026
11735
9099
2415
869
10269
8883
11434
11589
14131
10590
2432
2609
7728
8544
14257
4498
2643
16770
1146
15889
15206
17083
7002
4898
13815
16879
11096
12370
17236
7166
8995
5119
9096
14731
8352
9454
8977
1875
13146
8005
5303
15843
18201
2830
5640
14522
11418
7130
15477
8184
13814
9399
2636
14913
463
10601
7040
6742
14958
14164
15547
1421
6465
8960
13857
14130
3706
2382
16716
10709
16989
2160
12208
15419
2429
15091
12079
12569
13502
16789
15451
3125
21
12887
7854
17175
16979
10883
2501
8720
11583
9746
13972
15496
10610
11695
18402
7056
6114
3465
17072
6520
13458
3586
6689
5832
4723
17049
3637
17451
12701
18312
5011
5775
10561
10948
15995
5931
17655
11584
3635
15337
6880
2312
6755
3882
4578
12364
16867
11010
17441
4864
13632
14554
3077
2690
738
10603
4836
9925
6201
4047
8183
15374
3946
6302
7225
8072
17993
9369
8857
3204
9859
11291
6111
2809
1139
12792
9828
13534
3792
6565
14051
14125
11368
16800
11878
5249
16410
15421
516
15757
2025
7699
918
14179
5913
18266
12604
4664
15236
4039
13521
4186
16523
1324
9351
11249
7983
6681
208
18340
1484
18346
17631
10622
15794
10637
5711
718
6259
16847
4618
15514
13924
17741
17192
11602
3887
16580
5490
17727
17988
2888
12254
11070
13384
11509
7843
12892
16367
5035
9761
14805
4817
16202
16729
9542
486
17211
6717
1443
11877
2387
8091
7498
18299
16327
12664
3328
8181
13378
12296
10283
17745
8749
10531
10362
281
7851
16462
7493
14547
14704
14062
6466
14196
10658
10387
11861
18342
7838
17318
15522
11934
17818
14995
16428
2924
7503
8756
3334
4717
13769
13218
4826
12303
546
3656
3898
5392
3741
396
2204
9368
9517
4016
5339
17931
13960
1800
183
17402
15461
13753
10831
5
12397
7313
12235
11319
6077
13312
7088
5699
17314
4679
18359
17817
9036
50
8464
7156
17797
6389
428
185
8407
8655
17188
1933
8046
11462
11702
3151
13745
17722
2947
6134
8247
18019
772
17033
8587
12647
9907
10437
5545
12155
11572
13637
12157
3127
4207
2678
17800
6685
1644
10012
4260
13712
278
1761
6489
17880
9780
5127
16328
18080
4626
8458
9267
14218
1260
14061
920
3844
9748
14622
3250
13251
7470
8098
17044
1539
4631
13428
7418
9281
1348
10273
17112
3745
1958
15693
8689
16496
364
5765
17162
16442
15100
7299
11230
16356
612
5033
8424
7622
18198
2385
9084
18131
13293
7126
4615
11661
7066
6879
14438
3495
14821
17248
5211
4304
9190
18249
16664
15149
13989
11683
14878
16996
5494
8259
1712
6968
1375
6887
4581
10552
17442
4942
966
10381
7516
12956
11549
11124
1119
4966
3550
10597
11263
2379
2523
1619
6936
11299
8233
6940
12210
7886
5967
3301
16626
2679
11868
11706
13568
7519
14208
6472
1736
11881
6162
10835
842
3057
14802
9616
13711
5580
12802
16733
5682
6814
15007
16114
1560
18377
12707
5906
18049
18107
15950
15534
11433
226
4934
5766
13229
16320
3540
10904
4078
9068
17851
9042
7726
17080
11486
9404
16603
12595
4680
12285
9759
2880
17917
17115
18270
7663
8137
8710
5738
5842
1257
13203
2043
16353
16759
12537
2703
14844
13691
2167
15191
12207
12970
17369
13319
12365
2171
15768
6932
12253
12380
1431
16152
6637
11414
9564
1964
10892
17055
465
18331
1422
10180
14171
14474
9118
11385
3091
13209
2265
8726
6631
4363
3610
13910
18456
12528
11781
5803
18167
5307
17699
17935
15741
256
4493
1528
12295
8299
55
13084
5483
3001
3800
8015
17372
4635
11489
8493
4408
7786
4899
6736
1410
4550
5934
16368
10389
8305
17834
7119
6528
14941
2795
9108
16709
5669
3219
2186
10955
6944
3099
13897
7689
4539
1273
17916
12789
10294
16656
1002
5146
2317
10434
3
17138
12123
4410
5879
12684
2123
10463
3633
4462
5050
12426
10715
6239
2065
7124
7181
1706
10942
1043
896
15004
11517
11797
11783
5336
1949
16090
9000
10608
13611
11553
16868
5254
11001
16249
11942
7505
8541
7253
10235
3754
137
7214
2894
9273
7673
4212
1493
874
2566
11927
13595
5000
3554
3746
3358
17350
5795
11006
8373
10228
5543
7454
5436
13500
10353
5665
16718
5375
4496
17390
2447
10397
4531
7009
9007
11672
1191
12327
9053
7972
8852
1010
4274
3401
11691
17682
6982
12634
5309
15924
8597
3109
6181
1781
937
3027
773
10994
1839
10192
18031
9717
12934
18414
13240
6285
6676
2661
7853
1976
17270
17093
15834
9005
18132
1698
6254
179
10530
5279
11098
16455
3392
18269
9495
7911
5809
6580
11825
12917
9141
8673
16665
17361
4387
1249
6379
5043
10396
13838
4590
16177
7559
9671
18187
11656
5817
7693
15812
13116
10695
13058
16316
4003
8317
13328
1129
4297
1287
17620
14360
7756
17861
16584
16546
13899
79
1272
15305
5776
3224
510
156
15775
2548
4730
67
882
9924
11190
15980
10774
3449
2928
2143
8313
2855
15800
16945
13943
16295
4641
3652
16784
15175
8386
18393
13318
5130
18422
15515
4873
4925
5526
13681
11066
8767
11087
11771
9710
14046
15632
586
12682
4167
15322
14674
10334
10973
10077
2826
15870
16364
9668
7451
4382
3520
11336
17697
5584
2367
6744
8731
17514
2068
4890
16914
17492
5383
5658
3883
14632
4291
16397
10166
5939
7175
13845
163
2764
4714
17742
13472
8228
11864
195
1564
12930
10996
2955
14570
15256
15576
5325
10231
12329
11204
6056
9626
2797
8678
9556
6270
954
4654
7487
13830
13258
8311
7400
14183
11284
16976
15602
2142
4244
13683
14556
13555
14356
2789
2618
4563
1739
10056
3828
4647
15402
4173
13194
5505
10519
4149
11203
2677
16440
13757
18241
7289
1300
3114
5177
9821
15590
10370
4051
17904
17645
17363
11727
2553
3028
16034
7453
15382
18210
2607
10213
13198
9785
7978
8482
204
6088
15536
10576
6569
12915
13077
7026
8350
3892
11113
6986
758
2258
7958
3704
11796
13540
1497
18460
15844
4253
17985
10366
7297
12154
17589
5588
12028
9963
295
4768
4257
3006
13885
3232
8274
16112
13783
6688
14762
12085
14572
6571
5404
742
18030
18291
3316
13767
11961
4582
4815
18186
10311
6649
16719
14718
8077
9580
12414
4232
8322
7177
14400
4998
475
7113
8747
8849
14593
12269
13852
12706
542
2767
12160
9876
14142
13280
10573
15896
10668
10479
14063
2066
7680
15652
4312
13917
3013
13468
7325
9092
13475
13190
12511
6678
4683
9119
1004
15918
17635
6433
14604
10051
7110
3864
17443
534
16726
14110
7316
16764
9621
76
1323
11157
11699
3781
10521
4924
5323
15993
38
614
8449
8817
1639
6713
11568
2280
482
7117
15558
5596
16557
2675
11478
15971
5072
15535
16792
12421
3030
13422
6536
10487
10944
5412
14516
6113
14391
12152
3837
3154
8024
1393
4324
3872
11468
15555
11854
14864
8855
2215
15556
14771
11801
10789
2930
17131
18390
1686
11526
3729
15561
12388
2069
5767
13693
15015
13579
10744
5301
9519
15024
10293
399
12674
1005
13217
16292
10270
470
2516
18379
16801
3545
15901
4677
9102
14669
1208
294
14068
4494
8627
2450
856
17687
1224
4393
642
9176
7820
17250
3755
11020
1321
6093
1912
12666
6121
840
4639
147
10768
6188
3914
9058
1624
4852
6262
17382
1894
6703
14020
2946
9345
10773
17670
4977
9194
12865
2322
8509
11223
10749
9739
11398
2589
10843
11467
13808
2410
10557
17476
5860
961
7913
11411
9600
13740
7051
16071
8132
10737
605
13628
7688
4120
12808
14403
13176
4492
4774
12431
7759
16352
14569
7514
18454
11252
16044
4022
15911
16813
11342
5299
16011
15043
3934
10824
17680
5168
1672
15809
814
6030
10100
9085
15268
7910
16257
6524
4666
11160
5084
741
7252
7513
3046
12320
8744
11673
7540
9105
5333
7350
1113
443
3060
17195
5061
16573
16260
13946
5638
8564
4024
9693
10241
8598
7826
3349
16962
7402
15516
16878
4761
6301
12733
11062
5120
1942
3407
12890
1683
8741
7651
14482
12044
15642
14997
6576
2446
16616
10203
16452
3421
7248
4485
12211
14875
13079
4482
2002
1306
2221
90
16974
3910
7604
9605
14021
5341
8829
8009
13803
45
6275
9167
14804
2288
14088
8714
114
9183
15999
15198
5267
12856
16881
11808
16447
14181
13987
3422
17145
13606
15270
6662
9217
5747
7684
14220
590
18068
10418
5951
16687
12363
6783
9453
1697
15237
9075
8746
16458
6653
5583
17296
1000
12806
8086
11931
16204
2298
5555
3596
10992
4288
10544
1498
1347
11508
7991
13359
6696
15742
14752
178
2182
14679
8932
18174
14018
8604
166
7733
9688
17783
14709
12474
4891
4750
8701
4515
5964
4240
7667
15457
16920
11483
4963
14440
8762
17460
1180
1476
12456
12826
2129
9013
8976
6878
5878
10538
5272
6971
9524
9609
5391
13866
7601
4840
13747
32
15802
13995
16137
3585
10675
14258
6220
16095
13173
4063
9545
6864
10838
1904
6124
11130
17666
15717
10248
15625
15307
3569
16019
14023
11238
10141
12416
1356
8079
8420
11090
17384
10648
280
6543
218
18021
7441
10189
1458
87
6775
1409
6568
10306
13639
2033
5442
12626
10054
7310
5210
1042
3337
16646
15976
10424
6614
3772
16104
764
17134
18126
16419
10382
11757
1518
4587
10027
2304
6993
6487
8256
8273
5448
3702
1492
11648
14868
12055
9003
13183
16520
4392
2481
5786
4508
1413
1582
1796
3029
17928
8172
15778
14394
2839
8404
18370
4883
11696
15342
757
13015
7069
14263
17010
7871
17117
8526
172
9472
14186
6570
1339
11285
9409
17643
5804
6046
886
16167
13391
1725
4094
10906
672
552
1055
8469
366
4586
15315
16193
14579
15655
14527
9905
1613
2004
4602
11476
7416
1879
16492
926
11951
2316
7865
4775
2630
6877
2337
17974
14901
9413
1377
6381
353
16727
15196
1720
15439
15898
11969
7946
16512
3468
18308
15347
7098
10137
4554
10450
2645
13731
15883
5346
8838
15463
6832
8979
1020
10879
9943
18058
11374
7027
5087
14145
15798
18384
15383
15611
8245
4765
5122
15613
17109
1642
12272
9025
15448
2534
748
11169
17573
13167
17748
16932
5549
12100
7345
16692
16552
4310
5079
14007
15850
10439
3295
13619
16899
5785
14508
3867
8174
6137
5350
354
6393
51
575
17247
17713
3885
245
14069
10224
14445
9095
2844
17662
5019
12946
848
8984
10888
3707
805
8581
3735
1527
405
8423
7553
1834
7257
18040
16795
13236
9471
7885
4662
10433
16485
16864
1085
13031
15098
7932
12807
17371
15490
18354
11459
2055
8869
1388
3024
8905
13786
7079
5099
7190
6479
18078
7572
9996
1013
4897
14193
6426
18286
12284
1200
200
17282
11503
17776
321
3732
2448
10705
6019
2659
9935
11857
18376
7164
16549
9503
2749
4719
13005
8153
16146
14512
13455
9870
5100
3158
309
17067
7189
5814
14486
11155
205
5443
3202
8934
15252
12578
9707
8190
489
16484
7408
15470
9881
18039
7799
7803
13305
10070
18427
16395
16595
18392
3961
7788
11442
14777
9966
15886
2352
16285
2586
16760
11435
3147
10585
3919
11933
7603
1637
15180
15827
369
14903
2461
2541
17300
12294
16164
2412
1196
11416
11057
685
12855
2943
18314
17438
1849
7044
12226
14510
4848
6906
10246
9692
10932
5582
6746
1223
4239
8177
6658
14492
18317
7507
4089
682
12217
5944
7127
13412
15662
7143
6326
15286
628
13975
300
14922
18217
8836
3709
11206
8020
14008
4341
9854
7984
2916
12036
4935
739
11470
7506
1776
12331
9047
8801
9380
13945
4290
2152
17653
17937
1917
3132
4029
17254
2887
5719
5518
2151
11778
9528
12102
9038
14893
9734
5014
4854
7370
1909
18044
1344
2941
8850
1063
9258
3873
6371
6451
10081
14369
14676
12825
5847
4976
9577
18133
5030
10855
10499
11482
8453
12458
15221
434
6834
4434
10402
127
17417
1078
2368
17592
9314
11711
7711
8200
14280
13013
14585
6364
3033
8467
18173
2283
17411
17389
6130
13652
3140
2468
15458
3519
4481
7937
15975
18406
7152
4805
2135
16028
4767
17809
3761
9897
2563
3954
754
13230
14966
2199
703
7473
9791
6372
1299
6308
10587
17187
3904
16606
4678
1612
10454
12576
17183
1470
17879
16321
9239
6770
12266
8152
5844
9358
7965
16490
9322
10679
9317
3313
13271
16796
488
15711
5408
17641
727
16571
12027
12921
2923
4513
14793
14
675
12237
18125
14672
7755
14435
17740
11853
13122
18067
11182
3381
16424
11671
10630
10105
4034
11109
2623
8953
12822
7648
891
1517
8524
12067
12356
17568
3441
17850
13527
13806
3440
1830
4918
9841
17251
83
2774
14834
6575
12611
11787
10862
12993
16541
5957
12236
8166
9914
11528
7007
3938
10841
11346
15326
17580
1030
2189
17186
12991
12874
6129
1580
5305
14963
13849
8881
9134
9461
3410
3150
16850
7873
11527
18247
670
6327
10670
2711
9673
4688
5571
12507
2904
2154
9076
12803
16412
13703
15939
7560
11804
7455
965
8559
225
9538
10299
7278
17721
6281
5059
545
4216
17179
16942
13381
7323
7613
14160
16215
10602
9268
1465
16032
1182
16111
9631
1525
867
2578
9049
7337
3450
14216
5958
9990
4763
15814
11167
17359
15867
16087
1141
10820
9705
5865
17704
3653
2650
15372
7929
11788
15677
421
12795
4676
1152
10861
62
5722
14464
4544
303
1595
5402
1994
7452
5663
8298
5321
3312
2005
8223
12652
15220
17415
17972
14024
14500
7789
14956
2220
5368
10242
10480
1022
9074
5378
6359
8507
3434
4599
17980
16823
15916
13657
4160
11524
13679
12149
4202
5728
3666
17957
4362
13813
14884
14795
16275
6908
11545
17374
2474
3425
7618
661
2347
11810
18020
7439
8735
14182
11610
2625
13982
4571
17345
12597
13708
12104
14286
314
8090
14057
6219
1183
3072
13770
12008
11768
7311
10769
6413
12048
8258
10655
7060
2268
4053
10836
16812
6910
6955
15854
7686
704
17123
18411
14411
15880
12635
12016
13532
11614
10064
17351
11036
7877
16206
5316
6139
12311
2338
16916
15222
7447
12565
12717
13934
2273
5458
16153
4671
16268
5613
2080
4936
9383
15781
10355
3211
2140
3096
2927
16345
11539
14850
7420
18432
10905
9253
8619
2906
3975
8039
13048
10376
1733
15836
981
1837
1911
17420
16417
14933
2817
15393
12038
5137
7872
1599
6195
8419
9400
13256
11152
5752
11950
10612
2571
5559
9279
9291
11616
5237
10410
12200
17502
2157
4978
3815
14379
10672
4823
8602
14461
6656
13714
503
7360
16403
9578
7133
13193
17424
13867
9514
10310
557
1419
12816
15083
994
12261
2971
16047
14071
5318
9295
7860
13353
17597
349
5788
13243
8436
2165
11339
1855
1719
14475
11061
7539
1373
3855
8874
9893
15577
11069
7494
725
17504
6177
5023
10401
2320
3728
7348
15595
3238
17474
8473
513
1684
776
3493
7170
9510
14698
13859
16503
11302
8696
13573
769
2620
13776
8556
11522
3456
3340
858
15300
7767
5156
17419
12052
12140
17405
9396
2725
16147
5065
3878
7703
3471
6538
13358
9750
4162
6729
3749
15289
2547
14784
14657
6702
5334
13402
4132
8830
15406
18297
526
12875
78
13002
10020
12621
13890
17753
8967
10185
9061
10683
15908
15426
4929
15868
15848
15987
16905
10301
14931
16068
4536
782
1556
8580
3532
562
8935
12022
10212
14973
6041
16116
16597
2489
12833
2913
12838
5491
18361
9057
9678
12971
18466
5712
16971
15282
8203
2635
110
451
3580
1810
2858
13081
467
2600
10163
3408
4175
3870
15422
11058
14882
12974
14092
12407
5883
18468
8250
10674
6833
4172
14290
13024
343
2327
4538
5076
7525
5781
7291
14567
16798
16686
73
15704
18387
10497
3812
8536
908
5668
3809
6796
3794
9393
5848
4726
16387
1514
412
16394
8201
5799
11479
17563
8803
1927
17156
4474
498
5040
4388
13670
14105
3446
8178
2070
10692
10419
13539
2487
10865
4458
10344
6038
16744
7831
12111
8613
4810
13340
1842
13856
13355
18024
10073
16209
12460
16561
13383
11659
1885
7586
5708
17551
10409
5351
12476
568
13026
16482
17557
6674
18264
7628
13702
5206
13113
17455
11670
11682
14132
2851
15304
11387
14832
7176
2687
9706
15117
3327
18055
17724
5388
15759
13106
12900
7687
1693
16236
6083
18161
12541
4327
2088
3675
4658
1282
15090
1738
6418
1953
2159
2400
14387
13134
622
9498
10342
1715
15109
9459
5540
3014
1974
10219
14925
9984
2225
5929
2575
2330
9114
13513
386
6672
14601
8826
7898
1700
964
124
13847
12720
11093
12598
14780
8031
13523
15343
2743
3583
16478
7033
11679
8671
10442
16975
4092
14902
7606
18066
10322
16871
235
158
12337
3021
4061
14039
4440
14918
15076
14223
16756
9624
13142
8944
752
13507
3983
18445
17733
6480
9290
12263
4035
6992
13607
9216
12889
797
15228
3436
1731
13206
9571
7092
13802
8480
2907
7129
1685
17646
749
8472
3841
7378
17911
7719
7353
4077
12516
13631
8483
2369
4320
7365
13341
9257
8846
10414
5755
9332
16746
12252
3917
7063
9012
9470
5308
2267
10123
1811
1640
2126
3066
17422
12693
9272
7383
10930
13124
16902
16161
3391
18162
9008
3720
14634
3100
1213
13149
3976
16151
14315
5428
16679
17358
6636
9818
10965
8395
11637
6815
5773
4428
9327
15008
15153
361
3214
3294
12462
1227
9187
14416
18280
1660
11703
18448
13931
10598
13350
4751
5736
492
4399
15145
10284
12731
4798
8603
1309
17403
10474
2495
13441
9372
2763
4921
10791
7186
1378
20
8185
17759
5420
1906
5548
11307
17446
11432
15205
7927
4126
15640
558
2462
2457
4050
3935
10072
10337
4097
8192
13130
2970
1825
18218
1311
1156
14352
5086
12496
397
17106
8654
8667
11402
17529
16361
6303
1147
3510
999
7906
8586
5969
3592
253
16165
8957
5972
5297
5193
10871
2793
6482
15619
8362
9743
3427
13118
9328
1919
5654
3993
11151
15792
2416
9391
7011
16777
75
2310
7363
10546
15764
3026
4375
17618
4069
16892
15056
899
7809
15483
16610
10130
14389
14213
14041
4401
1978
9331
16495
16585
5618
5335
12159
4517
12531
3942
2296
6894
1621
11176
9575
8565
10804
14537
3242
11590
5956
604
177
7672
17565
17887
88
5915
6507
17836
10635
3556
15837
13060
15645
2015
3822
6273
3727
17998
11053
8136
12209
2341
5355
9639
584
2540
10651
11501
11585
8124
9699
13491
8988
8926
2188
17962
4116
4267
12218
16966
17281
15773
17333
14255
17744
5078
14975
12616
16139
16471
4317
12824
11904
14413
17976
14118
17046
9670
6335
9976
384
8301
3453
14883
2770
6694
11218
11241
15659
411
17385
10490
1046
12214
1001
10798
6582
8644
14498
6675
17581
3888
16008
2853
7467
17611
17954
17599
4444
17118
3805
2244
15994
9762
6889
10713
756
8818
11928
10509
10298
16614
1352
7569
15443
8648
2965
17139
10559
4818
1027
2535
14436
18193
6355
5331
9654
2684
5250
2008
7357
1093
3783
10453
10304
17462
329
12270
8429
17150
885
13993
362
15123
12432
14066
8284
10527
6429
10916
4803
2422
3547
5479
14135
7427
14627
16229
15455
5221
8002
7382
12920
12979
17601
18056
8589
15325
8321
17164
13663
4696
2796
977
12740
2475
12767
3525
16005
18397
1290
16740
12489
2074
11642
18108
603
3953
3053
16212
11494
10099
7053
4673
583
5409
9417
17987
8569
9532
1076
3963
4843
15509
6587
8687
8260
6899
3726
2101
4214
6360
6970
11926
134
3600
4346
4627
14751
7163
1805
18202
15791
10983
171
18351
13470
1385
14353
11031
11246
5456
6197
11730
673
1963
8092
10922
18219
2293
1549
11752
12680
247
5197
2192
5512
7474
7024
4446
14161
9055
4032
1222
10413
2864
13492
7059
6047
11207
16929
6295
2973
5952
17667
16121
5198
6425
14861
12896
18336
14700
4278
210
2702
14938
6905
2551
4772
9157
9352
3149
17266
2747
17439
13741
5876
1367
9018
17510
6071
5144
10512
3279
7260
14681
17621
12617
18464
5982
18042
3819
462
12596
12477
14803
17507
2990
8240
1504
1158
11986
10929
13410
17035
8470
14347
1677
10594
14499
9736
1464
3710
9210
5547
5734
566
4559
14178
1329
3113
12313
2512
3044
6761
12172
1620
6351
9359
3318
15203
6276
5790
5167
42
8727
14977
3752
12673
2425
17484
6386
2048
11726
2961
17877
8365
13536
949
8486
2249
108
8763
15275
4342
15510
1453
5921
5277
4952
3770
9999
5667
3008
12585
8639
3474
6370
15650
2701
14998
15559
17963
13896
4614
13306
4859
9063
12692
17391
14152
1079
14690
4982
8682
12800
2363
8939
10388
4085
13629
15312
4219
2406
10844
4527
10461
7859
14798
14077
2932
6034
8659
1328
10074
5434
7218
1122
17706
12224
6018
12392
7781
17486
2380
17196
8434
15973
4377
2480
6621
7329
1234
10507
17303
2593
9740
2561
14768
13028
7094
6789
1812
9504
2628
9887
4033
9375
7219
13125
2776
4950
3538
13583
14037
15188
6938
4926
16843
17700
12659
18216
14885
16762
1938
10042
17108
9103
11026
5655
5359
3861
16010
15181
11938
211
3965
3957
1277
3951
12134
2114
13275
15478
7533
6256
1649
4824
16300
14916
9485
17912
5413
16279
17128
3087
3737
12307
8114
12450
11789
6217
15726
10078
1460
15680
13618
13238
7192
1143
8107
16934
9292
12685
11493
4213
15923
10142
3297
17184
10629
16185
1362
5418
16668
7414
4988
16697
8807
4329
16834
2118
3173
8338
8374
5044
707
9251
12362
12630
4355
16407
10734
14736
6031
12757
17782
9941
8324
8045
9131
1671
4275
6483
16992
2744
5028
16993
11921
16959
12881
11865
6264
3863
789
3803
10577
14246
8477
4137
15071
12570
46
3484
15540
5067
14867
6446
4495
16983
3721
7594
18188
17640
332
3037
3437
16267
17992
8724
5637
2988
13317
17014
5222
11510
13096
13225
14170
2554
17227
14240
12835
14647
16538
1952
17769
10646
3757
14968
12064
2775
13812
15105
7625
6495
7232
16449
10360
10208
7734
18407
4124
9607
10327
11581
17598
6655
18148
15194
11119
8405
16326
3281
17593
1726
14806
1555
13601
2718
13804
1051
10177
9184
12977
788
7212
1900
13748
1886
16787
11948
650
6102
15066
4326
13443
11960
16266
13850
2132
5839
17849
12667
8964
8027
12158
6132
5779
13909
6235
17043
8230
5993
5889
10160
3499
14358
6017
4665
7180
4480
499
6981
7976
9960
16411
2558
15543
7552
9060
3577
10626
4450
17479
7347
16778
64
14156
1509
15960
8804
1929
9644
11240
3095
1807
5286
2976
1259
4247
2407
12527
7713
9511
10040
16643
2010
2886
7647
1104
5055
953
15278
2214
2709
4762
15450
13881
16991
16392
12869
1265
5009
10663
15155
8740
14279
8649
2862
11064
1631
14578
9041
8864
6445
145
3543
15172
12727
8156
14276
3059
8336
4585
7221
12557
6074
13261
16138
12483
1881
15951
18046
18385
11685
1646
10936
1276
14841
2073
9611
16247
12933
12360
3331
10813
11444
3699
14959
16108
14542
16118
1358
800
7086
15161
3925
13419
10624
821
15621
13546
8353
13085
13533
13456
15469
17884
16024
8249
8789
6073
8936
5095
521
13105
6227
11830
7508
617
9560
15833
1589
1052
16123
14829
6070
6846
10249
257
2302
12643
11828
2915
2470
4528
13658
4983
1077
14210
10190
13039
11275
13404
10977
11457
9724
4005
10592
5985
57
1565
16938
9892
1231
9430
7387
5204
16155
12907
8699
10244
8593
17543
11271
14964
13594
13335
11946
18381
9755
18389
2634
1668
15310
2211
10187
3851
3225
8474
1349
3356
12745
15838
13855
13407
1021
3542
7675
4701
3477
2212
5259
13393
14167
5541
14364
13228
14810
1799
6267
5475
5081
15001
8972
12033
1478
16450
17126
2800
12909
4811
7401
14202
2660
15430
13257
14819
1632
1826
5039
16254
7025
9923
1168
7995
14740
3908
13316
10149
17869
7977
14907
4081
5155
2131
16318
14485
2247
3712
8698
10730
13311
16130
4357
894
8066
5397
207
16463
18327
14016
7724
1891
5687
17
1995
9958
1185
3739
16558
241
8060
17170
3369
13036
17269
14449
12687
12409
16807
7463
2414
17959
7580
15668
10707
6261
3651
8244
8488
8677
2037
6473
1115
13640
10534
14372
892
18423
7010
273
2771
3117
13352
2242
17665
3636
2987
15400
8800
4595
12419
5661
3476
16142
13235
951
14866
3058
5991
4889
7545
16441
6011
8833
14835
2802
5214
2222
365
9653
8896
10574
4443
6151
12328
15110
3884
5241
8901
1785
407
10386
2713
6404
14511
4176
8937
13512
2959
5741
7168
11088
4150
15517
12372
9715
6006
6168
8043
6974
16136
14745
12390
12545
12661
2234
14853
18086
13388
16371
14168
5018
8640
10394
16988
14009
1547
11122
6192
17796
2680
860
16422
2218
9017
4576
18082
11243
8962
14453
11211
17799
8122
567
14801
4675
7739
18322
15241
12555
11073
2788
3858
2969
1424
6498
6228
917
12168
17176
7465
16703
11697
17034
16713
15102
8050
6695
11615
18415
15111
1783
13974
8325
10726
8530
9282
12579
6159
15608
13421
17535
1627
388
4478
13544
10903
5478
13390
11555
18430
4095
13499
6839
6321
3941
15143
16822
3595
11362
2334
17791
1775
6156
7526
7800
9809
11884
13949
1611
18352
2418
2952
11874
17544
3999
4233
9112
2883
8733
4812
13597
16467
14818
9758
7055
5441
13286
16774
16851
8552
13766
8191
15884
1365
6711
17404
12449
829
15982
3691
18200
16618
2444
1090
4307
16425
14306
14253
16969
3317
13214
12184
10525
5646
13905
16924
3823
15088
8465
15351
16362
10964
11453
5916
884
5380
5419
3360
5671
16274
9447
10328
5685
33
17440
10982
1174
2577
9790
6822
439
8097
9950
6949
15785
18075
8814
11440
3948
506
13417
17041
1540
8802
7806
10007
7372
9364
17464
15079
18228
6965
5229
8037
11222
3288
3604
1207
18251
142
7904
6033
2872
13152
5186
4973
7945
16409
1239
9195
13981
16277
17608
15264
10427
14087
16908
12010
1199
15952
17952
17786
8906
16476
16526
3916
12259
10720
4530
15250
8504
3257
1664
1991
7422
18325
5725
14502
12472
12
15089
1813
10167
18417
14197
7524
16169
7165
16675
15545
16926
16509
16722
16305
16513
485
2741
11146
8757
11971
11125
17530
4877
3310
17328
10901
7159
11063
12072
1531
77
14987
8042
1237
7367
8443
12239
13793
10702
4054
17961
1737
4611
3670
4858
1850
16059
2878
12880
7641
11205
5298
6669
4575
14876
580
12179
11694
12965
15449
655
943
1856
6915
16438
12730
14509
15215
18239
5164
13916
16103
12488
720
1455
15941
4205
3889
1883
6896
5440
13920
15040
13323
14466
5027
8573
8139
255
3367
10257
415
14666
9347
8989
12940
17921
9089
12465
12080
7209
10357
15328
13141
18268
15061
15803
7231
9333
11179
11298
16566
8454
17677
17934
18436
3555
382
18257
12484
2014
18092
1930
15560
15012
12656
54
7819
13874
12017
18142
10515
17798
65
8140
14856
15876
13715
2520
5114
14697
2082
11949
14200
9009
17110
12624
10618
8154
7144
9344
7706
9816
4471
12819
17792
4603
9768
15782
3342
7556
9712
17771
10819
12344
11189
10406
4738
9911
4364
2201
8713
15245
4236
14497
15010
242
11660
13811
1864
12384
17276
17802
18037
17872
16014
17663
15404
9672
3230
7813
5945
4131
11766
13730
4736
3871
2953
9810
10444
15638
7936
9316
15179
239
5651
6931
18212
10566
10184
6265
11452
10919
8765
12274
8637
17633
1103
5962
4965
10268
1210
13861
3104
2794
15910
3429
3018
17279
11347
13107
10460
10313
6395
8242
7485
3042
15550
3078
5151
18064
9136
9628
6937
13277
16466
6187
10198
2752
2898
6245
11164
2760
865
17549
11292
14586
16469
6900
16315
9592
8408
9952
4121
15935
18374
13255
5861
14641
12893
17317
16640
13477
5777
10002
17488
12601
11704
6768
15629
17637
5118
6097
17427
9222
18214
11882
6550
10956
15437
8331
4079
15858
18083
13315
16031
2925
5574
8030
13787
11965
9936
5190
18065
11601
7810
11598
7802
775
2072
4210
11755
2964
18442
4200
8044
15946
5702
921
9363
18294
5568
7115
7048
8457
2668
8787
4857
3802
10084
3122
1071
11792
14049
14169
1291
11290
4179
2067
18061
7827
16560
13774
4073
2198
9305
12347
18136
13954
9987
7773
11632
10621
12050
3558
17299
3049
7850
2097
6527
15087
8082
2029
17570
4793
4991
5623
16587
11932
5370
15301
5881
7832
10662
8608
16063
12966
14951
6123
6984
11212
12790
4386
4756
18383
2714
6886
9820
4580
3768
16860
10134
444
17668
9527
4533
15763
17482
15266
16021
9440
13765
304
11052
5258
7014
10399
18076
13158
13643
5856
3218
1970
3348
6850
11213
2564
4518
12108
14199
5923
8895
7558
11887
17293
7892
16984
12613
3416
17047
14308
10609
13007
2572
13525
4702
17116
10082
16621
12448
10486
4709
17286
10842
8918
5978
6357
17833
7324
16399
14261
12963
16224
16040
15670
6564
15549
6284
13538
3019
3261
13442
6340
9109
7137
536
4951
2751
11611
7986
983
4164
7677
4135
9307
5686
1350
3478
8913
14322
7836
13581
780
14269
9011
17789
2759
11396
8806
5572
16145
13324
8029
6200
11163
9880
13246
8811
11376
1751
6888
17984
12840
10907
17938
1861
3212
17135
975
16818
6645
3193
337
5950
5503
6349
1610
7717
5609
3909
7331
10223
8942
7194
9792
14285
16105
10132
12912
17243
16913
3551
4221
10710
5203
8558
6253
17448
8711
15681
14493
16213
16749
6752
12492
14534
11785
3483
11770
5238
7423
13337
14158
15574
5696
15962
5611
1975
11729
5185
15786
435
15363
9720
3362
14550
6323
11154
5002
2766
6686
16060
14296
10049
11901
10259
16445
16562
9100
5450
4281
16623
847
6091
12708
4437
15097
17007
4302
8173
8376
16393
7100
4152
14406
811
16530
13487
11599
1312
9387
16986
5649
10869
3103
9848
2790
13093
1188
1092
16486
10517
6222
11393
17675
7191
8614
9414
13953
10408
14849
17386
625
12120
312
9223
10214
4904
17906
2719
7993
9531
340
6777
2861
8634
7184
7708
8214
4189
6392
4413
11496
14138
17883
4735
5772
9917
10124
1868
7969
13602
11357
