3149
524
3926
19
4306
1789
3589
1668
1967
4354
2851
3128
269
3137
1973
145
2977
4371
4002
2801
3239
3793
994
1255
4626
29
2489
3141
2638
2046
3915
2023
2121
1723
656
558
340
1800
1331
1740
3666
849
3284
118
175
4080
2761
3158
1876
3628
204
3700
2979
3541
1415
1742
1848
3657
4647
1692
4340
218
2365
4224
4260
2691
500
3314
3512
1397
2146
4105
3342
2233
2843
3384
3983
1551
3214
1104
1489
2863
121
2420
2044
356
2066
3694
420
1467
4595
2176
2226
2135
2520
4315
499
3966
1468
3753
2880
3065
764
3638
2279
1025
3699
951
1993
2846
3707
2709
1107
1165
3685
1375
2431
2631
3351
4613
3191
3679
2616
2883
3653
4109
2898
4511
1682
2916
3099
3295
2299
93
1163
1260
4252
555
3669
869
4090
1798
955
847
4267
2755
4539
2142
2419
1446
