1681 3913
3836 3753
1140 409
216 1308
1807 3793
1439 3512
457 1397
3318 1405
2153 419
3566 1998
4158 1288
2206 4196
2080 1255
2713 2546
4455 1446
398 1988
1541 4057
1360 2837
1368 3625
4558 3512
1350 709
477 4646
106 555
3782 3673
1221 4622
305 2943
3593 1943
2854 4580
4093 434
4281 3699
863 3743
1494 2851
3205 1778
3420 3100
3850 2927
3685 3532
3792 2783
2931 3512
4512 2
3689 834
3095 3512
1670 3036
1304 2798
4038 3165
106 1208
286 3379
2851 1415
3955 2638
2384 634
2776 2425
4498 2425
3647 3099
1876 1895
470 4659
2696 4224
3381 2121
440 457
1198 1014
4250 1299
975 4484
705 3165
3357 4267
827 3875
881 634
1107 2121
3315 4397
752 1261
4089 4397
664 194
3060 3638
3664 723
413 1172
4429 2868
4347 1943
4046 2880
4341 4516
1843 2358
2927 4608
4286 3512
3149 2638
1140 3474
2140 1208
745 1299
2352 2425
1066 28
677 1304
233 2616
1501 2604
2326 1744
2171 2172
2899 2302
2420 457
4087 2943
4323 846
4375 2431
2946 3387
223 2489
1169 1011
2403 3753
1185 4094
1475 3547
4590 849
1890 4664
1288 3158
1869 2121
4007 4575
3068 1584
1895 1586
3785 3512
934 3158
1983 4509
1451 3446
1737 2420
431 2425
427 3259
1649 2425
3884 880
3930 3648
60 1229
1914 4516
220 2902
3992 3503
1968 2121
1180 2398
3387 4260
2061 1146
2512 2425
329 1998
3657 3913
3166 2851
1110 634
845 1341
3253 4224
3724 3165
3894 3799
3278 2398
1328 3909
2144 2868
379 2868
543 2
454 723
2534 1529
1617 1744
1456 3666
1866 1778
2005 4129
1260 1386
3517 3354
4298 3123
3942 799
1486 1943
625 2927
95 2851
491 2159
2830 3800
1076 2851
731 2851
3592 4325
443 3512
3040 528
4228 3939
1523 2431
240 3259
4076 3512
4489 3699
862 1688
3323 254
3156 1467
762 4260
2542 2018
2920 1744
4415 531
3620 2546
1258 4290
890 2398
817 2851
3224 4659
174 1341
3362 892
177 2407
3765 2638
1418 1797
1340 4659
2713 34
674 2604
2003 4127
3774 3722
2006 3230
2258 1723
2344 1341
3343 204
4108 3668
2445 2523
4297 2431
205 2709
1219 419
621 3436
4353 3512
4565 3669
4659 4417
4343 4315
2925 3055
179 2851
3175 584
3490 634
3470 1260
3107 3657
1501 4315
396 4105
1302 1692
3884 2425
720 2638
2042 1341
1911 3866
273 2947
2609 716
4365 2358
1463 2425
1521 2326
458 1260
1604 2281
407 3771
2027 974
2023 3158
2995 2091
2964 3937
3011 1415
543 3568
1471 3277
2927 803
3132 2358
1346 4292
203 3528
863 3641
3793 1551
4018 3474
3858 2595
1504 2868
329 1146
1578 4509
680 2851
3703 1126
1152 414
3155 634
3485 1708
4621 2425
1661 708
3845 2202
201 3913
305 2296
4142 2595
111 586
3830 555
4463 3137
838 1744
418 457
2536 2425
2204 4664
1207 2425
574 1167
2623 1208
3311 1778
1208 1341
3543 1150
4672 2445
266 1190
1924 1107
3290 3543
3141 2638
361 1266
2753 3165
3582 1115
3045 4267
3538 1721
1408 555
1151 952
2349 3099
177 435
2632 3669
3068 1744
2758 555
3894 4516
888 1744
2449 3673
2817 420
177 828
2072 2868
1933 254
201 2445
3960 2926
2457 3259
1694 3486
4242 2769
3556 2927
1647 3694
4435 956
2397 2986
3898 2868
799 2425
4322 2121
4644 1126
2201 1213
4304 4260
2703 2028
3287 4431
73 250
3418 3099
2334 4333
3935 507
4458 3753
3428 2702
3722 2344
1604 419
3655 3099
1781 2638
658 1150
2344 3512
666 1723
1660 3195
108 725
2284 4278
2217 2702
2094 2445
2169 2425
1358 2556
3396 3259
2217 4397
1892 758
1832 1884
347 1744
2584 2398
4217 1988
1509 2616
236 1744
1205 1150
2257 3699
2738 3490
3109 409
1456 2354
200 3638
634 2405
3171 420
1788 4340
405 3019
4590 541
2758 1744
3542 950
3666 947
2806 4633
3872 2604
883 3495
282 2420
2687 305
3121 2638
1321 2425
3900 2919
3539 541
716 457
4530 555
1748 3171
501 634
1306 849
2516 4306
3151 183
3517 4397
1110 1723
2005 2172
2594 555
42 3673
4600 555
2629 3930
1296 4260
90 1415
3902 3589
1684 3699
2368 1563
1182 457
4453 2868
4628 2489
1248 4091
282 3036
2565 1715
2444 3679
4672 183
2437 4596
2694 3638
1344 3793
3993 1244
247 634
2687 3385
4167 2172
1617 3699
620 3773
1882 28
3996 3685
2002 828
4312 347
686 2425
2321 1198
4334 1244
1183 1347
3815 1546
3961 2431
1575 283
2557 2425
4304 345
123 1138
3879 2851
3761 2489
3156 345
1446 3655
3403 2425
2915 2425
785 2354
1800 2599
517 3372
3152 4578
1855 1723
3165 2406
4425 3699
4597 4516
1178 4591
509 4664
2661 3753
2936 4060
1893 1415
564 2172
3968 2638
1637 3036
3141 201
1182 2121
3353 2981
927 2638
1950 1481
988 2431
2199 1244
1229 2599
478 2868
3382 3171
3638 3707
3876 419
3323 3966
2620 2489
812 828
562 828
2444 1744
3219 1380
340 2365
437 2425
3343 1740
4175 4270
2310 3099
481 2264
3909 1551
2727 2851
2586 3249
3760 3669
4302 3673
768 3810
4251 3800
4038 3512
749 2417
4520 2216
659 2425
2274 3099
3171 1723
4655 3679
4158 3512
4574 2868
4263 2103
532 952
2068 1206
2031 4493
1133 2121
204 3512
1597 4516
2011 3503
2115 3467
2686 4516
3629 1998
4419 3699
3272 3100
4208 274
863 1823
1725 2431
2724 2919
936 2638
2064 2431
2017 457
1258 1533
3685 3099
2330 4133
2551 2417
1288 3937
428 1405
403 1446
863 3245
1244 3577
1109 723
3657 3036
3990 2211
1365 3259
3278 2495
2160 4622
2249 3199
983 2121
4435 2089
3721 3527
3041 2638
1393 4141
1516 1568
4512 3666
1258 4419
1495 882
1919 2599
3887 3512
978 420
1846 880
3022 1879
3358 2723
379 558
206 4397
1196 4193
3657 708
649 2324
3461 541
2551 1876
4314 3669
2027 419
1278 4527
1071 3707
4043 1405
2375 3354
3346 3495
2548 2438
4123 1260
1604 1778
1506 4371
451 1844
940 3512
1872 2420
4353 3165
3892 2425
4556 555
1976 3520
1275 3405
4537 3101
2725 1289
3678 723
2912 2050
169 634
3586 4627
4416 3147
385 3036
628 251
4503 3467
3478 3165
1846 555
3825 528
1424 634
2041 4267
921 3165
3216 2851
863 3004
1667 3512
1865 3727
4510 241
6 2420
662 2868
4359 4629
1799 457
2707 3555
4551 2599
738 4397
4367 3214
1972 3699
2138 3699
2963 3467
2838 1415
2627 3512
2573 1721
559 3679
3353 1405
2557 3512
2748 661
2427 1737
2631 2425
4134 2202
1966 1150
1101 2616
4237 2638
1855 2638
528 481
4630 2755
213 656
189 2175
1199 1692
3449 3876
4232 3669
1847 3722
4312 541
181 2638
862 3657
1303 1844
287 2599
1741 2702
3298 3632
4291 3699
2212 2425
101 1126
1482 849
4520 1260
2512 2398
1315 555
2927 2546
154 2638
3048 3589
1930 2425
701 1432
1439 2425
745 3512
3747 3399
4620 3771
4223 4667
577 3669
2106 555
1509 2913
3740 1260
2037 2647
1080 2851
1476 716
4438 457
887 1203
3576 2781
3291 2398
1799 254
1228 3512
4171 2755
327 2996
344 2398
1532 634
4068 3628
4665 3158
401 524
3036 3256
859 3543
3170 2927
30 2425
1901 3399
818 2103
3860 1415
1456 2066
856 2425
3678 4601
1249 4626
485 2769
2006 2489
248 3100
2620 555
2071 674
210 1584
1672 2561
3430 2638
2962 3834
115 4397
1337 2012
1211 428
4630 4325
4442 2638
4334 1578
4066 2604
3694 4270
3695 2319
427 187
2440 1126
643 846
2248 3843
3186 4493
477 1304
2115 1513
2824 3099
3628 2398
2283 2425
322 1208
2959 3399
2223 3512
2304 1138
792 2363
247 47
2681 3080
1465 4646
3522 2172
1539 1446
2987 2520
3102 3512
2137 2197
3259 1081
1470 1126
3664 1584
4076 531
2008 4631
1577 1848
405 1723
1612 2202
1817 3144
885 634
4315 1341
70 3141
2725 2050
1196 3699
3152 3679
1853 3669
1210 1138
4630 1533
3553 2868
1169 3543
4560 2275
1589 1844
1459 782
2243 887
2989 828
3278 4091
737 4570
1390 2335
2202 419
1852 2398
2444 3512
3109 2868
3725 3760
4565 1107
2821 821
3250 1341
379 3165
812 3165
2011 4652
4549 3474
863 2721
3397 3015
3864 2264
4205 3101
945 3806
1661 892
89 2423
543 4647
3077 2638
2061 725
3211 1415
1676 2996
2312 758
1822 2701
1992 3147
3074 634
1720 950
2438 2202
1541 2595
4500 2121
245 2425
3498 3372
3442 435
3581 541
265 3669
4523 4601
2591 124
3141 2420
3353 3165
1464 3632
3930 2312
801 275
2512 124
3713 3852
881 3099
190 4224
4205 2851
1989 317
2911 828
608 2829
3931 2638
2191 555
3594 2851
1120 3666
4520 2902
1290 4397
4115 3954
3003 2851
226 3769
4558 3379
386 4267
2470 4646
2566 3384
4400 3712
1487 1744
4234 4224
3205 4189
4246 555
3667 2431
1743 3568
60 849
1838 3669
1869 2136
3912 1692
4387 2851
2139 2825
52 3625
2121 1998
835 3520
3888 3679
2705 3474
3147 4431
4170 3099
99 2457
1537 3669
225 4439
590 3059
3464 2638
3455 3669
2865 3831
2496 3645
1605 1126
1201 1304
2218 2927
715 28
2269 2244
1608 1187
3690 140
47 634
4016 2425
2579 2203
4121 17
4239 2357
3186 828
716 2275
3861 3331
3149 201
3133 2548
2060 2857
2201 4267
361 464
6 1529
2416 994
850 56
1786 4366
3539 3708
4215 4414
367 634
4647 2319
2202 3793
1400 1432
3410 1789
1448 3512
3215 3049
2701 274
1109 1138
576 414
3561 239
2259 2638
2000 3427
2553 3474
2997 3226
4607 2146
1594 4516
2876 723
2879 3099
1125 2103
799 1446
1375 331
1620 1603
1690 3512
2201 3628
1290 3679
213 4664
2816 1115
2233 2420
862 2638
2115 1107
1837 3512
3894 2604
1120 1932
2066 2723
142 2419
2713 2202
4298 1260
3832 3512
585 2851
1262 1263
172 2638
512 2398
3095 3049
496 1705
4154 3669
4395 425
4473 3149
3627 3803
1563 1244
3998 2927
4182 1146
3338 183
609 4419
1236 2425
294 952
3605 940
3171 254
3621 2489
4113 3699
4086 3628
214 661
1908 2319
4337 1163
2111 656
1954 1692
2676 2667
2040 2326
2380 2638
3124 1778
3743 2425
4584 3913
1351 2638
940 2398
3278 4421
4446 2239
268 4003
2046 2398
2055 1876
2527 4274
506 3669
2642 1341
158 2425
3774 3809
2645 201
2760 3512
713 48
4575 1126
4334 2420
2035 1844
4605 3803
2629 1584
1706 422
2867 2851
1717 2425
796 3049
288 3673
2079 4516
2712 3158
473 353
4552 4315
1344 2217
3858 4397
3156 2766
3150 1966
4066 3699
532 723
4378 2599
130 743
401 2103
3913 3036
1633 2667
4353 3543
2359 4090
643 2121
551 3259
3481 4405
4470 4676
2886 4421
4033 2879
2667 1805
2183 2595
2094 2603
3414 2104
1498 251
4630 175
2646 4141
1977 258
3149 725
853 3512
2976 3876
3724 2044
863 1708
4279 3753
2219 1828
2712 629
3288 3099
2980 1844
1996 2825
245 3866
2544 3259
4206 1126
1395 3036
1010 540
2361 3329
866 1244
1258 419
4418 2425
3559 1268
3238 1908
1417 3660
1655 3527
3676 4419
2781 2561
1881 1405
1927 3467
3356 3745
2153 2887
71 1895
2120 1104
2866 3259
2480 4260
2649 2231
3861 3302
3621 2803
732 3708
3245 1260
4046 3945
351 2425
502 1876
787 2603
1771 1260
2011 2853
2815 2425
1529 3602
1487 1171
2742 4306
2162 1126
3839 634
3009 1588
1703 1998
1038 2431
3910 1341
2568 3529
564 3191
4662 3165
4545 201
3908 1584
2839 2431
3762 2205
3171 3141
4031 340
226 2638
2861 3165
3911 4363
2312 1988
1196 2202
1223 2146
4038 2425
4489 3666
3558 821
4123 3699
1140 2407
913 3669
3442 3512
3077 3669
3375 2638
2603 846
4445 523
656 1349
4459 419
4085 1126
4023 3855
2105 4516
3152 1260
2712 4196
3291 628
158 586
3250 555
1312 194
1617 1341
1572 723
3259 3348
3013 1260
4500 2420
4134 1988
2596 159
1629 1146
1278 3673
1009 1171
853 2425
1200 3239
1624 2868
2683 2431
1740 218
4636 3055
2008 882
1402 1104
1885 2425
3956 2489
2037 4091
799 2044
2033 3527
2772 1876
2980 2103
452 2354
2786 634
458 241
2582 4278
4435 409
4144 3259
3171 388
1918 4575
4665 1766
2340 4260
2998 1146
1166 3685
1624 1126
4066 3474
674 4516
3552 4072
1343 4366
4304 2518
4496 1208
3523 4622
1617 1020
1071 1694
3974 3195
2601 4224
2223 4338
2751 2398
4272 2638
3445 1260
2112 3325
335 1546
660 4224
4174 2420
3588 2431
716 3036
4382 1844
2911 2425
4630 2037
199 1966
4497 4419
3463 4646
702 1778
3090 1397
2964 3648
2789 3625
3570 4260
3685 2638
4441 2423
3917 2425
4606 89
2746 1341
3969 555
1537 2638
3473 118
3802 140
1695 1291
2075 1115
2701 3543
2441 2919
406 568
3686 2420
3198 2493
401 2638
1870 2851
1491 4327
588 2868
169 2420
69 634
445 2868
4420 1446
3517 2066
2078 3512
4589 54
2008 3099
4110 3406
2112 2919
452 3358
4032 1289
3989 1988
562 2119
3352 2091
3171 3657
2317 1529
2862 2868
2292 2398
3715 2066
3761 3543
1352 2332
1945 1988
3531 2927
4590 3666
2150 1260
142 2546
4510 2663
828 3128
1360 1331
736 2312
1360 251
1143 892
3896 4109
1581 3259
360 2638
1114 3876
405 4031
3674 2421
2202 1800
1462 4397
2963 2231
394 3158
2476 1843
3726 1263
1295 1146
1962 4224
3811 4141
3656 3055
4673 1998
1612 2616
3982 849
903 2421
362 3669
1895 1105
3149 1998
3897 3679
1654 1963
1383 4427
2219 2419
2730 3679
1195 1014
170 3614
1175 457
2732 2927
2784 1593
2927 241
673 2431
399 1723
2799 3224
992 716
1591 3256
3629 28
3022 4260
4210 3512
2534 708
2296 3994
217 3685
107 2701
695 2556
2839 4306
4325 1586
4073 2996
1955 1341
1300 3543
2675 971
2346 4668
1601 716
3559 2929
1730 241
500 4443
2027 187
812 1963
1947 2851
4344 4278
1162 2851
3205 4527
2206 3560
1624 419
3706 1775
555 2425
3930 2769
1019 3055
4138 2264
4232 2121
259 339
394 484
567 2431
2051 3512
2527 1260
1736 2431
4590 410
4069 2546
4023 4052
192 4595
1771 1692
500 1165
485 3269
1593 2425
214 388
2418 2121
472 356
1258 2126
394 2018
1834 3512
6 3527
3439 133
2524 89
3391 555
2697 725
4282 3512
2573 2851
321 892
1530 973
1648 2229
4273 4397
3957 3354
723 1341
3036 1107
2141 892
2046 3806
4095 3160
1624 3165
1719 3474
1714 2851
3761 2868
4010 4333
4630 3937
3862 2489
1301 4372
4104 1692
424 1446
245 3700
2582 3099
128 317
364 1723
1612 2855
3407 1468
3232 914
2646 2425
214 4153
1240 2202
2551 3699
1764 3036
4462 2425
858 2638
2901 4646
2362 2964
2425 1386
2681 457
1996 3793
2457 3793
689 2425
1630 2702
1502 2868
3761 1341
2258 2420
4303 1744
97 2425
242 4622
547 3099
876 241
2462 2518
3755 2425
2653 4325
2255 3165
1693 124
4334 1563
3010 3202
3737 3657
3093 4439
863 2312
3245 2868
2694 716
562 313
420 524
3613 3587
3033 1953
863 1938
2365 3966
3822 4041
15 1844
2223 1171
1510 2603
368 499
4226 634
148 2638
2157 2851
2830 2638
4136 3638
3861 2868
1587 3495
1322 4048
3628 1341
2299 93
3924 3055
2848 2425
1793 1331
2575 2616
4477 4439
2206 1341
2026 3259
3442 3259
128 241
583 1778
3995 3669
211 3165
867 2270
4206 555
4290 221
3156 3699
1737 2365
1129 1723
4667 408
1123 3100
899 3669
712 4091
1487 3568
3297 3913
3423 2264
4637 3983
2115 2099
3556 103
2468 1568
4095 2395
1260 3666
1093 1721
4204 3741
3944 3165
2855 4662
3948 1397
2608 2868
3650 3259
3918 1844
4424 3467
1855 725
863 719
3395 204
1046 2876
504 1742
2485 2398
1235 2121
792 4109
2548 2631
601 4108
1525 2275
2105 1331
856 555
1777 56
4184 3669
499 3870
1712 1529
2939 404
4337 2216
2023 1260
2221 4533
3016 3641
447 4333
441 3669
1129 2121
3414 2101
1974 3385
3793 4209
4321 425
2150 2868
399 2603
1094 3259
714 634
2442 3673
1176 2293
2963 1723
2373 4516
2364 846
1496 333
2512 4647
1552 4399
1260 2055
3069 9
594 3436
2193 3137
3793 2425
886 2638
337 3259
1924 420
206 1341
3915 2121
390 4127
3027 96
2971 1263
3030 2184
3774 1260
315 2919
2573 3669
3953 4580
1491 2919
4642 1920
1226 2431
3490 3467
2323 3669
636 1171
1575 19
522 1580
2350 892
1861 3351
1477 3099
4098 2398
3565 3512
3093 2431
4482 1341
3334 2851
1723 900
3682 3669
3755 4606
297 1533
862 4002
2588 1951
4618 4575
4452 1260
1342 1304
2356 3966
4374 28
1439 2868
1653 3512
2350 420
3421 3036
87 4354
373 555
2425 1575
4552 2425
1767 2743
3038 2121
44 1692
1957 2180
1346 2524
1323 241
2105 2868
2836 241
1227 3512
3913 3099
172 3669
4107 3668
4374 2638
1339 3543
54 1744
671 1692
3323 524
4461 2425
656 1378
305 4325
4591 2927
1598 2121
320 1156
1061 2172
1752 3495
4387 3966
2559 2851
3689 2425
3 19
2471 4109
4127 4006
3075 64
4142 821
3559 821
2121 1397
643 524
2295 849
756 2851
3233 4315
3259 838
4592 2277
1257 1450
301 3302
3915 3527
495 2202
3122 3512
4183 4436
1956 1415
4123 2425
3084 973
851 1291
1641 4315
2054 1208
578 4008
41 2421
2122 1844
565 2638
3677 2638
1855 2420
4275 849
3020 4306
1610 528
1106 17
2219 3165
2782 2638
2567 4260
3120 1963
1837 3768
4538 2431
863 3653
3567 821
1200 2990
863 849
2352 2398
4369 416
1701 4516
546 57
3578 821
442 3930
1671 2868
4614 388
3854 1206
3036 3099
892 3911
4534 2425
2061 3661
271 2927
3434 241
3837 2766
3099 3713
1938 2489
82 19
2121 3486
2175 250
4337 1044
861 4570
3492 2425
2403 1844
3874 2425
3566 28
4266 531
2725 1529
3030 656
3710 4516
1760 4516
4113 2616
2583 1988
2586 4327
2178 1584
4029 2761
3437 1244
3353 3909
239 2202
777 555
3554 555
4419 419
166 367
1133 1723
1258 2281
2818 2420
4659 467
4598 852
1449 118
1874 2425
399 254
1560 716
3609 400
2021 1489
837 3568
2105 3632
3449 541
322 4327
1285 1126
1799 2121
2713 821
58 2425
3211 3669
2500 3230
3109 4194
3907 3165
235 1341
519 4366
72 2489
1701 3022
2385 2546
1299 3651
308 2425
2497 481
2309 2091
2751 1150
385 3966
66 2638
1285 3699
3766 3099
2921 2919
3165 3399
420 1190
2025 3399
812 582
3787 2431
2340 2868
4017 2431
2448 3099
2610 4003
2088 2066
4359 1778
1313 555
1674 2425
2927 4103
3239 3314
4304 2299
4433 4601
1921 2369
2930 183
1240 187
732 3165
796 3695
2457 4470
1397 4072
3364 524
697 1298
2245 1692
1936 2066
2638 1632
161 2638
4330 3966
4018 2044
3825 3210
4607 1171
3567 2066
1428 3128
890 118
1017 4083
3209 3474
2553 2763
3837 2663
2027 3699
45 420
2638 3725
180 555
3604 1551
19 3833
405 481
3149 1107
2051 3310
1919 1260
1512 3669
2733 3804
3655 1871
139 1467
1872 1304
3891 1200
1045 1208
905 1692
2242 3259
3378 3512
831 1025
845 3165
340 634
3480 955
4218 4267
236 940
1763 2638
1570 4626
3 241
3819 400
3650 3319
674 3695
1483 2293
2402 1397
3789 4207
396 4109
2573 1998
3156 4477
1385 3568
4232 725
4309 4105
3291 19
3999 28
1442 3259
3221 356
3304 2927
4248 3699
2932 1415
2768 3712
279 2919
2204 4397
3287 3195
1596 4622
4162 803
1535 305
2839 811
2659 3645
1081 3543
305 2055
1346 4516
1016 4165
1656 1260
3786 1967
3414 4260
3996 3800
4533 528
2635 2264
271 2188
3913 3657
1202 3793
4634 3685
4213 2546
3611 3354
156 2638
2603 1529
1748 3669
1612 1150
3421 3467
3576 3543
3043 2755
2105 2660
833 2420
2514 420
1457 2851
4516 851
1398 3587
2436 955
3323 2420
1971 3743
2908 4103
3685 481
1643 4224
3045 3587
745 2398
2087 3527
457 2121
2526 2091
3606 634
2948 2431
4575 435
3098 1146
3799 3699
3028 2046
38 849
3046 3615
2707 1208
2391 4260
1612 2868
1064 2638
3780 1415
1169 2876
895 1171
3873 2638
3369 3512
649 1258
3095 2702
3746 1260
2656 54
3775 1415
3894 956
534 3527
1922 3669
101 4267
1465 634
802 2264
3238 540
3790 3893
555 2750
3741 3793
1405 1059
4520 4315
3558 2
1723 1998
1816 1489
897 118
2334 9
281 4639
3213 1200
2562 1251
597 3712
3967 2398
1391 3165
960 892
3930 4159
3374 3165
3278 1789
4021 541
3380 952
2408 2425
2852 4575
3528 3512
3419 1415
1980 201
4108 4335
4048 3753
4411 2425
1957 996
405 634
1272 2398
610 3259
420 2091
1576 1744
1198 1198
3567 3474
2271 3673
4660 1988
2529 2977
3518 414
73 2284
4514 1603
3036 3707
54 2996
2266 89
2782 1146
4238 2284
2580 2121
4039 2868
1554 973
3777 3541
3761 4427
3812 1723
1780 3796
2000 3826
2778 2518
2034 634
1893 2851
3757 4306
322 1491
4029 3913
3298 953
4033 393
2841 1266
4384 3913
2551 1171
2582 1723
98 419
2603 1513
47 3255
2927 2431
2960 1943
650 716
2823 400
4379 96
2452 2121
2140 3666
3862 2518
4358 2365
4472 541
3876 3306
1021 1529
4112 2851
4557 1171
205 3543
442 4008
2654 528
4269 2420
2442 4397
2389 241
4500 3036
3687 2425
611 4516
4210 4575
2798 1529
4573 340
2054 3259
2414 3512
583 241
4533 634
1644 531
2444 3319
1622 2425
1208 1584
4225 634
2402 3638
3077 3446
4585 1603
1921 2638
1723 393
3557 1920
3442 1497
226 3638
1685 725
1800 3512
3260 1529
395 3810
1595 187
1258 4397
1701 2425
2424 1208
1691 64
2509 3587
1978 3669
1239 1778
4316 2018
1595 849
112 3512
2809 3512
1484 2638
2466 3259
1690 2044
1067 420
4151 27
787 524
3397 3669
3628 2868
1679 2851
4140 1765
3036 4252
3323 2121
3223 1146
774 1775
1429 1107
3952 1943
335 1218
4076 2425
2088 2868
3104 2159
1104 3527
2382 2595
685 250
120 4057
3556 305
3012 3648
4640 3512
2574 1642
3760 2638
2420 725
3077 1244
1771 274
4199 4224
3725 3806
2901 2638
492 708
198 1163
25 2420
1062 2829
287 2630
2628 4575
1808 725
2078 419
2628 2431
3348 2398
3659 849
330 2398
1872 524
1919 1450
4377 3543
3933 1533
2194 3568
865 3259
876 3699
2407 1546
2105 3589
709 2420
359 2353
1104 1415
2444 2868
1599 48
4470 1491
4198 1905
3013 3726
796 555
4447 3165
4012 2851
3075 2755
1084 4267
214 2638
4222 2425
4123 1150
3876 2465
3887 2929
3567 3699
2512 2868
2816 1266
2177 523
265 3685
29 2489
1598 2099
4006 3753
4664 4397
2401 1260
385 1107
3974 1208
2201 748
483 1844
940 2546
4061 3055
3640 2420
3657 2121
1965 4105
3894 3876
4175 4193
1567 152
2453 2851
1088 3602
1774 3587
1757 518
4160 541
3108 2599
1906 4516
1270 2296
3267 3512
874 3913
3282 2431
4054 3399
1557 344
2473 3269
742 2595
726 3075
1810 3036
4004 3406
4212 1844
2170 3512
2429 3512
378 2326
3544 2226
3145 2616
3976 4060
4119 3857
125 3165
3984 892
3457 1415
4429 2351
3774 2398
1698 2851
1794 4629
1006 2425
253 2586
1544 634
3044 4397
1454 4516
3065 388
3886 4397
4087 2425
765 2857
2346 2425
2798 481
3243 2190
3425 177
3141 3913
1463 2723
999 1692
3086 3638
3792 708
2464 3259
336 3165
995 3029
3680 2638
2058 528
763 3568
2602 1260
2048 4267
1139 1341
398 2647
2852 419
3739 398
1264 3793
3300 1844
3907 2425
1444 1844
1840 4060
2062 3319
571 3165
3343 3474
3149 3256
619 2354
3821 3053
123 1584
1083 555
3860 1806
2930 2286
4316 187
1675 3259
3803 4260
3930 937
4319 4626
945 1744
1854 3648
1051 1329
2731 2927
2652 3543
2930 420
1598 4028
4197 3669
1061 304
2892 2420
862 2244
1258 1446
2215 634
4111 4278
208 3210
2051 4397
130 3657
1026 3399
4638 4260
670 4533
4461 1740
4500 254
388 2050
645 1126
2178 2933
3515 555
213 3557
106 3628
2983 2431
1565 3669
940 4260
3444 414
1128 3753
2477 2638
1502 3699
1403 4646
4525 3699
4336 1331
2454 34
4482 2919
3325 3298
2367 2425
1521 2868
3100 957
1081 2398
390 2425
2402 2420
1919 2299
1012 3937
3335 2857
4587 3055
4348 3100
3050 725
2540 2363
2917 860
536 3354
3374 2202
1113 3712
4482 2299
1384 1692
2679 2851
4510 2546
3784 3306
1485 634
4455 4516
658 803
4108 2968
4337 3259
3278 3387
1176 3032
1466 1708
2178 3568
1563 3913
2075 1002
1413 2638
1670 1025
1085 656
3762 1765
2369 2489
2789 2420
2550 3699
3887 3546
1326 2121
3222 3259
1996 3632
3413 3259
3547 3753
1127 419
4516 678
939 3707
1576 3225
2992 2599
1393 3259
3139 4516
1799 3036
3774 1551
3979 2144
1945 2489
3775 1844
3437 3669
86 528
1969 241
3527 4072
358 2365
2151 3100
739 3793
4525 2927
4230 1872
3908 300
633 740
1226 444
3636 317
2949 3753
1902 1405
623 2420
3504 3099
3002 2638
881 1723
1169 2018
682 2868
4113 1920
3897 124
4289 2919
2920 3512
727 3099
4118 3137
180 2425
562 1561
54 2425
1209 4057
4275 2484
1741 2425
3327 3568
1258 34
3980 2425
3356 3512
1260 2868
427 541
2755 3075
3012 1260
2256 555
17 2638
1377 2743
2803 4202
1596 241
2317 2121
4160 3158
2852 3191
3521 1844
4265 2420
161 3796
4514 3673
3118 3657
2971 3351
3592 3474
3282 1126
3768 2431
3335 2546
180 1744
1125 1998
3886 352
3149 2365
2708 3372
1176 3913
2798 892
2260 656
3704 4060
3832 2425
2207 2319
399 3256
2085 4315
2369 1921
2687 2299
4183 1397
1514 1150
165 555
1548 3589
1612 2425
669 2420
3801 1146
2927 3668
4492 1744
1360 1150
3061 3589
2905 4260
2672 1204
1325 3822
387 1163
1979 4091
1461 393
2953 1156
4210 3024
1792 2431
396 3666
1055 2494
471 3512
3868 1988
3149 2445
1584 4659
1536 4224
3309 2142
662 803
1826 3354
1348 2851
1183 1446
3910 2868
1402 1415
3308 4260
3349 2431
3842 388
2038 3195
1287 3679
3259 237
393 661
59 2927
1116 2851
3207 414
4314 2638
2716 3259
3496 3905
3750 1744
1078 1533
4334 1998
2787 3094
2862 3474
2986 2883
4206 1171
986 900
1423 1844
3184 3375
1433 1744
1796 1778
2075 821
2922 4516
562 1697
3103 2066
2849 3512
1290 2391
1612 1973
3485 3512
1854 2616
4177 2445
2278 1453
1563 2603
2037 511
351 1904
3657 3707
3537 3165
4203 2264
2970 555
2996 4057
2589 2121
958 811
4203 3669
2503 531
3842 3638
2430 1886
3397 310
3189 3666
2494 2502
1492 2398
3367 3495
3838 3512
800 3165
3511 555
4558 3666
1003 1397
3869 3707
1793 1938
2991 2121
245 305
4518 821
59 4193
13 3064
1055 2358
1536 4653
2238 555
648 2398
1694 459
4147 85
1822 2926
1101 1187
2444 3165
1471 3165
3483 2851
3626 3165
4647 1260
86 3657
579 1551
2347 4236
3397 3527
1884 2407
2895 1988
1026 2425
3321 1251
4166 2425
1106 3384
4334 524
1239 439
226 2420
4482 2927
3605 2359
3617 419
2569 3399
3410 2425
3317 4419
3171 3638
2595 1549
3714 937
4423 634
1104 634
2467 3726
836 420
247 481
4299 3123
2900 28
1898 708
2947 1551
4435 4527
2112 656
340 3913
2344 3014
4453 740
394 1951
1823 4516
2223 2066
4557 1208
2125 1289
256 2121
3022 2701
4184 3685
2131 2425
3152 2855
2515 2599
3302 2489
2540 3284
2795 1304
4160 4601
2612 1744
4513 2066
4506 4646
1122 3528
2988 3557
3675 3099
1718 274
3036 725
3423 3842
1170 3099
3068 1341
4232 3769
855 298
1142 1171
1023 1844
1813 2702
3655 2050
2638 4252
3574 2121
2399 3669
2227 2489
467 541
1534 4141
1129 3669
4332 892
3842 400
305 3165
4568 1692
861 3319
3946 4327
3536 4397
2596 1744
2603 340
3149 1723
1278 118
1931 2927
644 2692
3771 1146
2422 2239
3172 28
881 194
2087 1694
2284 4257
3111 3226
789 1171
1747 1229
862 2420
2082 1844
3776 811
2486 1744
2247 2028
4470 1405
520 1744
1579 3699
405 716
799 1744
2163 3141
399 2638
601 1171
4408 2868
2511 1844
1876 1963
316 2638
1694 1332
2009 2868
2121 1616
134 2989
247 2851
1723 2603
1405 2489
555 2153
2400 4573
2410 4580
4558 2425
287 2425
4143 2398
2944 3387
4410 3699
1065 3806
3749 1623
3887 2857
2147 4601
1627 531
4510 3695
2112 3565
3036 201
884 1268
1684 2425
1306 2599
2422 3512
3165 1144
2398 4081
4502 3055
1536 528
2629 2104
60 3699
1815 2099
528 708
2774 2616
631 3807
3818 2646
2287 1150
1582 634
2195 2963
228 3269
1065 419
2199 2840
3711 970
287 439
1656 1733
1343 2871
2272 3099
1140 3354
271 2868
2271 2868
1908 241
3510 3497
1430 1389
3657 524
1048 2425
398 2595
1292 4188
2008 634
2848 4287
2412 3399
1118 1462
2531 3259
1464 1634
181 3842
4457 2398
2281 971
2243 2868
2888 661
2080 3014
4408 1742
3533 2091
4599 2851
4447 2546
81 4484
2303 3512
4311 4202
3085 2638
4596 3306
3094 3142
4558 541
2828 3712
796 3793
3631 3625
4159 2868
614 2457
1189 2616
4035 716
1966 3512
3187 1951
1399 2851
937 2624
2436 3512
1072 555
89 901
2614 528
535 555
3724 1744
3880 2425
1520 2357
247 3685
3681 457
325 36
790 3512
4123 2335
100 2420
1140 3699
948 1299
4198 928
3449 3158
2115 2420
2747 4575
1825 2146
707 3784
4328 4516
1943 4091
2955 1341
3053 1920
2529 2066
3339 3669
1349 3165
3513 2851
3485 555
3910 555
4590 834
4192 4327
1134 2927
4642 124
2195 2420
2900 1146
2250 4224
1491 770
3043 4325
4559 3302
2497 3669
3183 631
405 524
3057 1744
3248 4622
3636 4267
3501 1692
4630 1138
2190 1532
4496 2425
3930 4090
863 956
2534 1844
2115 2916
195 3099
453 2895
1237 2927
4605 1778
1258 4606
1755 2398
4406 3673
2298 3699
1996 821
730 4533
855 2202
260 3638
3602 1529
3097 1744
2066 4611
165 2425
891 971
4275 821
2671 1998
1071 56
3935 1943
3328 435
4337 1584
345 467
2713 140
1516 1341
322 1167
2941 2431
4602 2398
167 1446
2005 2319
1371 1126
1800 3528
35 3699
229 555
3414 1740
1521 4105
2174 3495
2116 582
2024 3100
820 3123
1793 2616
2043 555
3711 2
1727 457
2287 821
2383 3699
3583 3100
3764 3399
4439 3937
2963 4356
500 3147
267 4627
3743 4399
4590 3679
2492 2425
2344 937
2733 726
4644 3227
702 2927
754 2091
4558 2
1057 4516
4088 124
1791 303
472 2868
2678 481
956 2425
426 2638
3381 2873
2524 419
4047 388
2806 1187
1772 2638
2856 528
1899 3699
1019 3171
3058 4516
4330 2420
2347 1299
2078 4516
3673 224
479 4164
3635 4227
648 3512
2955 1551
230 1260
1793 2599
2705 3512
1624 3128
1837 4575
2426 4516
4392 892
465 634
89 4419
3156 3743
1872 3669
1471 4578
1174 1744
2223 1260
2444 3699
449 743
1927 634
2153 2868
3886 821
282 3177
848 1208
2643 3259
1278 4397
1626 404
2704 4578
2935 2851
800 3512
1656 3474
1346 4626
196 1150
2077 2302
1169 3673
3232 674
963 3476
3834 1446
1260 194
2919 4060
2751 2425
2745 4294
3824 3226
1421 2927
3886 1708
1733 4260
1595 4277
1091 1415
4113 2066
587 2868
1862 2595
9 201
2940 2398
3762 540
514 4626
1040 2578
1432 698
2930 457
2993 708
2327 3099
2282 4652
867 1347
3161 971
3446 1327
1063 3773
17 2121
648 2425
3930 2868
2189 2638
2751 2702
4337 849
2141 3669
4391 3176
4600 2425
467 1329
3022 3329
2010 305
1258 2046
1522 2425
1374 519
3837 419
863 3589
46 555
2708 3614
3670 2723
2672 1208
1294 2066
958 1263
1025 3753
1768 2425
1567 3158
3324 3467
3892 2595
3482 900
748 799
2227 3793
2797 1146
396 1260
528 1146
3232 2667
1369 3032
1403 2638
1612 1571
79 3512
2517 634
1885 1762
2573 1146
937 1163
3725 2489
86 1304
3592 4397
1516 3165
55 1415
3399 1150
1921 3625
2644 4421
4000 3099
2111 3158
1790 3236
2243 3399
2873 1998
4553 2638
2551 124
3493 2050
2227 3568
2365 2420
39 1441
3792 201
4108 880
1687 528
4380 1963
557 1723
3278 1329
3985 3158
2615 528
923 3100
725 457
1434 2789
1804 634
1768 4315
1999 4260
2826 661
4023 3673
3648 467
3776 4116
1563 524
1074 2489
2394 2638
3036 3966
3461 3165
3036 3657
802 725
2717 3472
471 1331
3474 2595
495 2398
4208 2066
376 3474
3743 1744
454 2595
20 2851
348 2638
4293 1289
3600 3669
690 1172
1735 1740
2483 3055
1196 122
945 2546
1868 1951
2551 3331
4210 1798
3920 2851
2185 3699
1353 3699
2256 3128
2665 3147
977 481
143 1723
305 2898
3203 3793
412 3259
3087 1244
3045 3645
965 2023
402 1692
2940 2202
3446 481
3513 1415
445 3983
4336 2855
4669 1692
1731 3669
2088 2425
3910 4647
3704 241
616 996
573 708
4161 555
1149 3512
198 2425
691 2616
242 3743
476 555
4014 2205
1970 634
4211 3123
3373 1468
2441 1299
1228 3793
3669 2725
2258 254
3681 254
3929 1263
1487 4516
60 828
1554 2359
1384 1299
544 555
406 3793
2115 1176
674 4493
2090 274
1372 1723
4275 952
3636 204
2606 628
173 4527
1811 4267
86 3753
4063 2638
3365 3870
1583 2018
911 1692
4510 2398
3200 457
2780 3099
1604 1150
3573 3699
4208 1468
1515 2638
4176 892
2904 555
739 541
1168 2561
2257 531
930 4224
4134 2354
4510 3474
1286 3385
1933 3913
773 1546
4051 2425
1782 555
3195 4577
3031 2631
589 3165
4581 3699
3543 4609
3001 2851
745 2630
1002 1828
2037 425
3893 1167
1535 2947
1950 2431
2065 634
2567 2616
106 1297
2896 3474
3864 2783
2815 1079
841 1951
2729 419
4266 3165
243 241
1129 524
2792 3474
4658 3741
2444 3803
245 3165
1073 1397
3833 3939
3388 1126
4123 4431
2851 3529
761 3901
3724 2561
2966 2099
2063 1798
3878 1744
4413 2457
1159 4659
3592 3810
1489 4324
1258 3128
4107 3699
2920 2044
2514 2264
2654 2674
2599 1533
3742 1260
2410 2203
2627 2425
881 2121
202 1744
3479 4399
4447 2425
3685 3753
4245 3773
3525 3100
1226 4516
1474 457
2563 89
4482 1988
265 1146
1543 2851
2917 4260
1702 3763
3412 3527
1702 1740
1844 3066
1281 414
2707 1171
2092 1943
1441 4622
926 2614
3423 2840
1081 1798
1606 555
2548 2599
4206 3512
580 3476
3731 4267
1700 254
654 3669
2286 2121
3156 3345
1815 3372
1133 3036
1919 2398
1378 2743
377 3512
776 3495
1103 1513
4038 1328
1009 2398
1892 531
2115 2121
717 4424
4359 255
324 2264
3195 121
2385 3512
3143 716
4646 528
4492 952
1639 2489
863 2101
3323 3036
217 1723
128 2599
3133 187
4211 2172
214 3527
1085 1715
1819 2013
1332 847
3507 3909
420 3707
3662 4333
2761 3657
871 3589
2675 2996
2561 1446
278 3557
3704 3679
1277 3512
1678 1744
3684 3673
1960 803
2587 1126
1250 3495
1120 1263
219 28
3761 1753
4140 1692
231 3669
3621 3575
3761 1208
192 3512
1604 2055
4512 1208
2656 2425
1178 1905
1107 1723
1009 1184
853 1260
2240 4363
736 1584
2173 3707
2346 1341
4504 1551
1530 4260
4289 1171
2109 3165
226 2851
3308 940
172 244
3035 716
305 1577
788 2066
853 1744
329 420
1978 1998
4211 555
3632 1341
856 1551
4492 3665
3759 3509
1007 2357
3036 3669
4144 2425
4280 3638
2187 2066
1433 1263
4353 19
329 892
1990 2667
4235 1208
4337 1150
2963 3669
4440 3438
757 3512
2144 2431
3504 2617
480 3512
2079 1744
3162 3560
4092 3099
2838 2851
607 3909
3468 3528
4520 4659
2672 4397
1596 1171
864 2868
2166 400
3259 4260
1977 3712
3932 3055
881 3141
1680 4327
3136 1740
4123 2398
2937 3263
2600 1943
887 1150
3275 2333
667 3512
1555 821
4191 3985
4321 347
2549 2964
568 4109
3283 2599
2049 3528
3415 1844
1919 3803
87 3937
222 3354
2088 4516
1139 29
3974 2398
2003 194
329 708
398 531
3386 3669
1886 4668
3329 4594
355 1998
1107 528
295 2419
4312 3512
3414 404
702 2943
1014 3866
206 1988
492 2638
3036 254
3076 3699
3088 2880
4334 1107
570 2398
1761 2929
1221 2425
2930 1529
271 3699
2121 3036
3454 1844
1799 2420
4642 1163
823 849
1919 2066
4541 2638
1490 2883
2851 3669
646 3467
3577 1563
853 241
293 1721
3073 1723
2011 2701
4572 531
3402 1778
1595 419
253 3565
872 3726
1839 3165
205 140
393 1415
412 3495
4623 2175
5 555
3591 582
1701 2723
665 3055
4301 1138
2943 2146
1684 555
695 3446
3849 2121
429 1844
1624 4516
399 9
490 1025
1518 1733
3624 2431
2603 3657
3466 708
3835 3399
4646 1190
3065 3210
1722 3230
723 2857
2105 4397
1896 3399
1026 828
4160 656
854 2354
2685 1778
226 3669
3784 2425
3727 4270
1054 2425
3793 4260
687 2743
1043 2638
826 3930
4556 3668
488 2398
1737 1723
1624 2388
3732 500
3556 1682
559 821
1026 2220
3851 892
87 4366
3878 3512
4585 1551
3025 2275
2553 3679
889 2203
838 555
503 3638
3749 2702
4558 1171
3955 1998
4612 457
4664 2347
1900 428
953 3699
517 3384
1140 4659
4351 3351
929 3230
21 3773
2537 803
2830 2121
2784 4109
2056 455
3543 4622
3899 457
2678 3614
153 1778
1208 4397
3892 2216
3022 450
3275 1778
2538 3099
1392 3669
1575 2868
866 3657
2322 1778
2881 2044
2210 656
2890 3165
2693 3852
2149 541
2842 2851
2687 2354
2508 3527
1133 2638
3913 1107
2476 270
2201 2868
4487 2197
1385 1744
966 3055
2115 2323
4275 1260
1770 2431
1313 2425
2273 3259
4048 622
3274 2548
2659 952
2672 901
591 3165
3632 3699
3092 2457
1267 1126
2743 2658
1686 634
1169 1266
3189 435
4244 404
18 638
538 2901
3283 4401
1645 4371
3270 2604
4178 2264
2392 2851
1656 1099
4195 2868
4544 3793
2102 1274
862 3773
3815 2425
4510 2868
288 3666
2091 4624
260 1107
1335 1876
735 3669
3062 1190
1226 2876
2893 723
463 3259
602 1299
697 3699
2560 1213
816 4260
4249 3809
993 2616
3490 3638
2195 3753
11 4294
726 4397
3861 1973
4508 3673
2186 1163
1258 2595
2011 2489
169 457
2779 1692
4376 540
3158 4647
1082 524
490 3171
862 201
4275 2066
4644 2548
1501 4139
4350 2927
138 3165
3258 540
2402 3036
2506 2630
3242 1415
975 631
1765 2431
750 2121
1659 3027
4260 2391
1065 3793
3527 1039
2027 851
1984 2851
2432 3317
4674 2419
1919 3512
4208 3679
3149 1563
4616 3669
3220 1905
4005 3259
990 541
1356 3099
4664 1988
1622 4080
1815 3577
2398 3078
2794 2857
3341 3753
3658 1778
2014 3685
1652 2498
202 3543
4670 3099
338 4363
3978 489
1779 2431
3156 2046
272 4315
513 4330
74 1297
716 1529
657 2287
1986 4267
4464 2398
2098 3589
667 3385
843 3685
1855 420
1915 1712
2104 2979
3829 3668
2753 4087
1061 1255
265 2365
3650 124
3598 2868
4512 1744
149 2868
3299 2197
574 4626
2055 1895
745 3165
2029 3831
1554 1329
3925 1723
1010 2010
3397 86
2234 1341
3955 3134
3442 1778
1370 254
2693 2638
4590 3699
2432 3147
3974 1744
1289 716
2610 2363
5 2546
1176 2420
2110 1345
2928 555
4447 1126
4201 3638
3281 3100
1084 1468
4429 2287
3728 956
2798 4031
2370 3699
3736 4048
3573 656
4256 3767
2798 524
2243 4397
475 1778
4625 3771
2924 846
2396 2638
4285 64
1588 4260
1085 2855
3169 2420
4134 2868
1279 3625
733 900
4334 201
1276 661
792 1740
4123 3543
3217 4397
1347 3809
894 102
2223 3165
1759 3099
4148 4601
552 4470
186 4363
3352 846
2612 2425
3634 2275
4066 1341
2001 2927
246 1654
3513 3915
853 1551
3343 1692
2262 270
3678 3679
4566 3474
3580 4315
4343 3741
4426 1744
2265 634
1551 328
1420 3669
3278 3377
3205 1708
2331 1014
4520 2425
1631 1708
4304 3568
1926 2766
101 3236
2385 3673
4500 3055
2546 4186
562 3926
1729 1533
4076 2857
2057 555
3610 3543
4026 3712
2989 2927
3205 3793
1946 3669
1197 531
2443 3635
4038 1260
4446 628
4410 1963
4482 2857
3075 3512
1035 1740
2573 3966
958 2868
557 1816
2931 3695
2241 409
603 1920
2073 4267
1604 3512
2466 1208
137 2420
1817 1551
207 1580
4250 3666
1901 4516
1925 4060
4219 4601
2926 3512
253 1766
4552 3699
3506 3227
1966 2868
3577 2121
891 124
2813 2868
4240 2398
3330 634
4505 634
1149 3259
4634 3657
2236 2431
600 3712
4099 2843
2547 1532
2694 2264
1818 2837
1985 1532
3232 1708
4422 457
1449 3528
4361 2604
3139 998
2850 1179
1065 3699
2259 3467
4190 1744
3329 2868
2734 241
662 2425
1383 2425
7 4493
9 3141
3967 952
2848 3325
2646 3937
3776 3589
3203 4399
642 2431
2798 3638
2833 531
115 3165
1986 3429
1622 1213
4521 3669
1417 1027
1803 584
4647 3512
3021 2638
4290 1800
4293 716
821 4260
4619 1263
4313 2425
2607 4516
97 3557
3824 2425
2999 1844
1630 3720
1837 555
4175 3543
2808 1876
862 17
3154 1692
2765 1529
2519 1229
205 4325
1619 2123
2199 2121
3775 2851
1996 2561
2143 3100
2785 1150
3171 1304
3316 2431
3266 1107
3616 3966
3397 3467
1000 1533
1604 4131
2603 1998
810 2358
1785 4193
353 1263
2178 3699
2105 3269
710 846
3572 2398
1929 1844
2243 3259
1090 4267
4268 409
4108 3142
4391 3753
1483 3638
1666 3890
3018 241
1532 2420
3894 3142
2872 2638
1360 4137
828 3512
238 1039
1417 2398
1026 4516
3884 1744
3559 2868
2195 1107
3538 3669
784 1988
814 2489
3414 541
132 2425
2893 4160
2707 3699
2729 2803
3510 2803
1563 254
340 1415
3923 4626
1289 2275
539 3712
4477 2425
3887 2425
4221 1843
3927 3158
2910 740
910 2425
592 1652
2178 2398
4158 140
2599 2574
1273 1708
1231 2420
4016 2489
4562 3945
1702 296
979 3171
2425 43
4337 2425
1602 4260
4373 3937
3116 846
1100 2398
933 3679
4151 541
3442 1904
1640 716
1981 194
1346 4366
3168 486
2000 2543
2720 4152
2761 2445
2088 3699
4460 1375
1078 1141
140 4260
3481 102
4368 2431
1790 2425
641 2121
3148 2868
829 2398
1081 1580
3636 2425
4181 1577
3629 892
827 2431
4326 1884
1569 3638
2003 2868
3892 1341
1966 2425
3291 1171
3862 555
1176 1107
794 821
1243 4278
1322 2421
2551 2520
2235 642
1083 1692
3608 3695
427 2319
2155 1692
3289 3195
1996 2211
1258 971
3789 1973
3140 2425
852 4601
504 3277
3103 880
1818 4294
548 1973
3834 1341
801 194
1771 2876
703 1011
864 4570
481 3685
305 656
853 3351
399 3966
1639 1551
555 3699
1397 3669
3479 2723
172 634
822 1551
4416 3793
1937 3495
3710 2425
3767 634
2809 2027
2650 3669
661 4631
1208 4193
271 1683
394 409
4656 2561
1129 2638
2301 3528
2877 1397
2785 1263
1293 2425
3767 1327
2653 2363
630 2431
2153 4315
3951 4113
4515 3474
2472 2230
1991 241
859 803
2906 1126
749 1551
516 846
729 3099
3488 3628
1585 2431
1106 1107
4171 194
1309 2431
2862 2425
1563 1107
2749 459
3030 1876
3068 2425
1310 3966
153 4626
3399 419
3201 4626
2802 1529
4252 420
319 2851
1226 3512
332 3753
4158 26
1785 2504
359 2264
2633 300
2516 1462
1225 1446
2664 1107
2027 1798
1607 1341
3724 3648
688 1529
3361 1584
4605 1156
1881 3261
1761 241
447 1146
4558 1331
2551 1001
3357 2616
3576 2172
3842 2165
2561 3165
4435 4260
745 3568
1578 1723
2169 555
3030 1823
205 1546
1135 2425
1271 2365
17 1723
3718 708
3861 4315
3749 2425
2093 849
4552 2927
3290 19
863 811
172 2693
3540 1397
3115 634
4434 531
863 4591
1834 3673
1863 1692
2812 708
2962 3699
890 1744
2051 3474
3534 541
3969 4424
2037 2660
1088 3657
1869 3657
285 4207
4215 4427
3837 4109
3962 3147
1107 3657
769 2066
267 555
3914 241
276 3259
3259 4483
3175 2755
1360 800
838 1546
956 3575
3129 846
2739 2764
3442 3404
3921 3123
3173 2638
3505 634
4582 555
766 3512
3502 3669
3489 1778
2365 1723
3451 2927
2751 278
4453 4414
3137 3202
3517 2857
951 554
2444 2425
3171 201
991 554
4450 1107
430 800
1483 716
2698 4191
1136 3669
1791 1244
622 3661
2718 1671
3731 2876
556 1744
2439 716
1521 2211
4056 2425
1054 2604
2201 3075
4241 3165
2756 2398
3844 555
1624 3803
3861 3165
1007 4477
2796 1775
3264 555
1159 2548
4053 4224
117 3019
2611 28
215 2066
4206 507
2067 2638
2689 428
2105 1740
1487 2419
1919 4580
3068 3512
1586 4575
3356 2599
620 28
2719 2398
528 3246
1559 356
2505 4224
1732 1580
830 1218
2985 419
109 2425
3294 1446
1404 3099
2233 3913
4023 2489
2860 2211
3783 118
3065 2614
3250 3306
711 2172
318 821
457 716
3180 1150
587 4564
4619 3512
2699 3913
1176 524
4563 3669
1208 2595
2791 4366
1407 3495
2640 2868
863 3834
3527 4467
668 2638
4157 3269
1083 419
2684 3669
4474 3669
123 531
982 4152
3106 481
531 887
2605 2616
699 3913
4593 3237
935 2851
4242 3512
3582 2044
2930 3015
3616 2008
2927 971
1357 3676
2094 2121
1919 1446
530 3669
2290 1529
2419 2398
655 400
985 2638
2581 1844
1607 1744
450 2758
3596 528
286 4267
2663 4267
2006 2927
662 3666
3692 1331
875 4057
1 555
245 2868
394 3310
2267 2286
3122 4427
3930 4109
2570 3707
1036 2546
347 1260
2621 708
252 2420
1661 1723
3152 3543
3132 634
193 1789
471 1341
673 4647
1816 2121
711 2184
4495 634
2463 468
1975 3669
3628 3259
1032 846
1132 1778
4106 2398
205 4431
1598 3036
3235 3100
4275 3809
1470 2837
2261 2638
67 2687
106 2431
2114 2425
340 3036
3845 4207
2687 954
2011 2723
2169 4562
1014 415
3772 828
3611 1894
2685 4516
3071 2489
3305 3182
1476 2851
1696 4676
2859 1551
297 3165
1463 241
1001 91
543 3158
4437 4227
3323 2365
4616 3171
521 3099
2119 241
3171 4028
1362 581
3878 3195
353 2
86 661
1966 4516
2223 4267
2852 3342
3894 828
3282 2595
226 3657
2182 651
3045 1471
6 201
3886 1405
1125 1146
1118 2431
312 3699
3618 3793
4500 725
2901 3669
1830 2202
3517 3804
1052 3344
1401 1397
3636 3699
3164 1744
3765 3669
1877 2626
394 2425
2027 4516
1013 2398
1785 2801
47 3707
256 2276
3611 3699
3416 622
3036 457
3089 1260
3595 2121
2130 2425
1320 2425
3353 1126
2862 3165
940 1115
2037 241
3573 1879
4500 900
3886 2919
3639 1844
1133 1529
1428 628
1776 4510
3189 4421
735 3822
1656 274
2234 75
897 317
467 2599
4229 2851
3621 4260
1885 2279
4545 3027
3517 3699
2506 2425
1656 369
119 4371
5 3699
1915 3091
1000 3909
2387 1529
3688 28
2463 1800
3474 3883
1390 541
1971 1967
389 528
3075 2702
2475 634
383 4516
4555 3638
4496 2299
3726 1744
1008 3666
4339 1517
3774 2066
813 1708
473 3666
1290 2398
2131 3259
4206 3699
1181 3019
4422 201
2697 1723
3355 2851
1216 3669
327 581
2467 356
806 306
4601 3474
1795 634
4009 1304
323 1415
879 4397
4096 1171
1538 634
3907 1692
297 3543
535 2425
2223 2801
1628 420
2841 2868
4535 3773
4642 2398
2450 2927
1323 1208
3165 2393
4018 4260
4359 2425
1662 48
3381 3657
382 48
41 28
3481 2595
2848 3119
1612 4575
4158 4181
2027 3351
4347 1593
3157 3669
2081 1765
485 3512
662 4306
866 1723
3137 1778
2002 357
2866 404
3149 3966
3910 2425
4256 1775
2449 2857
1638 4578
1536 2420
1290 531
3683 2489
806 2398
3517 2858
4169 3699
500 2425
2061 2420
2000 4224
33 1798
3172 1998
4123 3512
4335 3589
3421 3669
18 140
4603 3625
1531 2398
1997 555
1437 2
2879 1721
497 2165
3640 3467
29 3230
3543 419
1473 846
3204 1171
951 3939
243 2398
3646 2723
1057 4575
892 3384
2793 3699
2422 2425
2145 2489
4163 4455
3974 3512
3637 554
4486 3527
2672 887
4394 3165
4590 4325
1555 1467
2026 880
2441 3165
695 2358
133 4084
4118 3708
4676 2927
3189 4662
4586 1378
2894 3325
2378 892
4015 3165
1024 1848
1045 2546
2975 2674
2561 2425
3621 3520
4579 1115
2110 4516
2491 603
674 2123
4100 4622
1500 1844
2962 3784
2728 846
1210 3901
1012 764
1818 3165
2627 4133
2365 1529
4211 3165
399 4031
1888 2723
4273 4315
2789 3527
1978 183
2006 1778
2580 2339
636 2868
4671 3165
4576 2013
542 851
2725 414
1833 1876
1037 892
3341 1107
226 3099
4000 2275
1095 457
4066 1551
863 515
3386 3685
824 2042
3678 1331
1501 283
302 4601
2851 1282
4529 19
201 2761
4 2964
2115 725
4344 3669
1314 3512
1723 201
2014 716
3189 4664
4575 2868
2201 584
2825 3459
621 528
1615 457
1437 3568
3138 2638
2747 2927
3974 2868
106 2398
3886 2927
4422 2761
2930 2638
1646 2868
4211 1172
2005 3699
2016 2801
881 2851
305 2398
3360 3100
2195 2173
396 1208
3772 410
2713 1126
12 3773
4076 3699
3894 4421
410 2546
920 950
3036 524
1289 3661
1521 4397
2141 3099
4334 2445
4108 283
3181 3512
2258 457
1861 3295
2305 2701
2700 2115
825 3543
2412 2868
807 3753
3250 2723
908 3638
3479 4527
2669 4267
3144 2425
273 2052
2943 1153
4620 4573
22 3075
3141 1513
2656 4524
2582 1415
236 2425
2426 851
2094 598
868 3527
4043 2465
1876 1988
3922 2121
4435 2868
3770 892
1834 2546
4014 4659
305 404
1186 3793
3861 204
1837 1664
4451 1146
566 3657
849 251
1456 3226
2256 3474
2084 1229
2228 634
3168 2927
4336 3777
1799 1157
3630 1190
473 3793
1346 1229
1939 3768
1550 3857
115 409
2785 3319
411 2420
4175 4091
3068 2868
2223 2868
2415 2066
3858 834
4520 2313
1808 3966
4316 2335
4453 2754
2226 2546
2603 2638
1487 555
235 448
3654 400
3934 2851
847 4667
3036 3685
1104 3099
2804 4484
1987 3669
1670 420
3043 4139
2577 2358
3107 1244
3247 1489
271 2929
14 4659
3865 2431
1828 581
3832 3259
674 3543
4098 4260
2140 274
2534 2302
482 3165
4301 2335
4634 1723
2336 3099
4273 2535
3958 847
1669 3685
1191 2788
4135 3669
2944 2202
3424 1347
4456 4224
2740 254
4462 1260
3470 3269
3585 3099
4021 1988
3275 2857
4258 3256
2209 2758
1186 2425
3556 1208
907 1260
1503 4260
2969 4224
4334 725
2882 3099
2517 2851
2341 457
3778 3256
2171 1879
2201 4105
4430 3753
2821 3474
968 4260
192 3699
4213 3983
1218 3474
296 4049
4428 4260
4330 2365
1447 725
3104 1778
2094 3669
2365 2121
1737 3099
1949 2638
3527 2501
3044 194
4206 4516
1285 828
4486 3263
2127 1260
725 2365
1306 3840
1106 1529
1663 457
335 241
201 524
1677 457
3441 852
1957 2275
730 420
1811 3123
1728 1625
2780 3669
4136 2638
1222 1288
256 4533
679 892
431 3512
212 2431
3772 435
4465 4411
3350 1664
916 140
3462 2420
54 555
2287 2202
4454 3392
2202 4060
94 554
2444 3568
3898 3158
6 2379
3325 3741
1344 2520
4510 4532
909 4292
3977 1740
2322 3809
1363 2425
3913 3769
378 2857
4289 4516
647 1623
399 3661
1396 2868
3195 300
169 1146
3621 4516
2512 3520
2066 3673
4510 1126
694 2851
3321 1963
3390 663
1068 4646
1065 2407
2037 4595
233 2927
3256 104
340 1998
3752 1744
3887 275
2047 1260
3163 4224
4527 4652
40 4516
2622 2066
1575 274
1442 1546
4347 3543
2361 675
945 409
1390 1953
83 1208
4496 3679
1993 3512
2817 2783
2113 1723
2387 2638
4275 2431
1524 2354
3512 4260
3997 2663
4045 3342
4055 3669
3493 3773
2027 2425
2666 2638
276 2425
3781 3467
2160 951
322 1588
813 2319
2638 2844
3887 1551
3123 1911
3725 306
4424 457
1528 3913
3743 828
940 1744
1771 1163
1977 3527
4468 1266
2794 3520
4140 2927
3435 3620
1701 656
1897 1744
3196 2066
1370 1723
2654 1146
115 2425
4075 2420
813 956
2021 3649
1985 1998
4349 4109
3612 2425
1081 4366
1656 952
2326 4260
485 2803
1940 4427
4316 1173
2108 1289
3996 2880
3301 1150
3103 3666
4313 4575
2927 3726
349 3945
2344 955
1305 555
1834 3399
863 693
2385 2561
747 1529
1709 1988
2132 2638
2040 2425
816 1297
2726 3495
4224 627
1501 555
3641 1551
4307 952
1822 3699
804 4397
574 2964
85 3165
2080 656
3393 1744
862 1529
1148 1908
945 1263
2811 3230
448 3137
4361 2398
3303 3165
3241 1347
4610 2239
2214 1951
1843 2638
2168 4141
1971 2333
1650 1844
2215 1513
347 1389
4113 4647
1339 1580
4161 1692
184 3099
2114 409
1933 2638
3448 2638
1087 2702
2365 1998
2703 1190
4000 4639
4649 1260
3449 2604
2256 2964
3512 3142
1245 634
3832 3568
1594 2398
570 1229
3162 3857
1491 317
2201 283
3426 2857
1542 3165
4123 345
3512 3383
2722 201
4211 3512
2260 3575
1443 3669
4491 457
1137 2431
1257 317
136 2595
2673 2877
126 1721
4179 634
3194 740
826 318
4479 1692
775 1446
749 1115
2555 1789
4641 1844
353 473
783 3099
842 2425
1416 1744
3963 457
182 2420
158 409
4330 1415
3886 3512
4435 145
3188 2425
2562 3543
2708 183
1648 457
2460 3673
995 3230
3111 1580
1723 1146
4446 3165
3279 1998
654 3032
481 4588
353 3342
545 2431
2533 96
587 2398
3760 1721
4558 4267
449 1532
3093 3399
1247 4443
1702 4052
3328 4103
1828 1002
2930 2851
2105 2398
1140 2855
917 2333
1311 2425
1212 1799
4343 2425
1910 2638
1470 2363
1425 1546
4491 2638
1196 4398
1119 3527
2757 3512
608 2233
2030 2121
2013 194
2450 1126
3605 2
1346 1263
3357 531
3672 2358
2956 3195
4338 1171
4470 4485
938 2264
2884 340
1722 1778
3845 74
4575 3399
2588 2018
3881 2868
1551 1668
1436 1111
4310 3422
3082 457
4642 1744
3736 28
1773 555
4329 1692
2003 2066
4214 821
2105 3699
94 2425
3477 3100
338 1039
4158 3387
2429 2417
1837 3128
4100 3699
3052 3669
1283 2091
3907 196
2345 2420
1468 3392
1065 4659
1487 19
150 1146
2266 2377
1379 2425
941 3666
2389 3512
2121 524
2115 1529
555 3039
3832 1341
4337 2146
3506 3530
205 2546
1710 2431
3482 1513
1794 2066
3156 555
4308 4306
3878 3165
3 555
1065 2425
1106 1723
504 1744
4432 1171
816 1904
2307 3699
3894 2202
4357 846
3206 3699
1617 1446
3760 634
3621 3512
4277 2046
2582 634
2596 419
247 2638
1964 4103
317 4421
2411 3351
1719 1546
1198 4202
3955 1723
2516 2425
745 1341
4021 4659
1000 4050
2008 2135
3571 716
1016 4196
2953 1778
2798 3099
2663 2977
976 2425
135 2638
3704 851
2782 3467
4078 241
881 2343
423 1171
36 4626
2967 1933
3133 4292
1699 1584
3130 1146
2047 4260
692 3546
1884 880
1938 1551
2282 2425
3508 1963
3860 3661
613 4260
2223 2827
1435 634
3205 1213
4023 3939
2080 1167
3487 3512
3122 410
287 3354
2420 3707
2140 3259
862 2121
4130 2638
1030 921
2943 3135
951 3137
58 3809
4220 3141
1359 2369
3443 4141
4644 3512
4341 1744
1818 352
2404 4129
176 2398
3197 2420
1416 2837
2752 1692
3590 1943
4647 4091
345 2803
1849 1341
4646 1723
3884 3387
3940 2431
704 528
4117 1844
1757 2264
2461 1165
1764 457
4114 1295
3257 2037
3322 2851
2000 2638
4120 4533
1961 2091
2641 1198
2762 3726
1290 2326
1106 1397
2808 834
3915 3036
4255 634
2927 93
728 634
720 3100
1604 1031
4000 2638
3884 3165
290 3638
2764 4315
3160 4470
111 2520
4158 3259
4474 3873
1000 1260
469 2121
4175 3165
2306 2561
4163 2425
3237 3669
3559 118
2302 420
251 4477
3208 3615
109 436
2243 4516
3125 3822
1433 2425
3911 1799
3941 708
1218 1208
1746 555
3263 1146
2347 3676
4615 900
4184 2638
2819 1341
3105 2637
4336 241
3161 4347
2550 4267
3045 428
767 4659
2785 435
3186 2202
4462 3512
2314 201
527 1744
2385 1988
2459 4483
510 2398
3919 3793
1799 1723
2551 2055
1805 2667
3676 3699
4647 1744
2183 4327
2204 3565
824 2855
1869 3966
2208 3543
2682 420
2671 3753
2329 2091
1966 3150
1487 3793
3008 892
311 400
3979 2857
2610 3512
251 225
3374 2868
3065 3685
1159 36
1206 2284
1259 4003
1612 3528
910 4516
105 2638
1344 511
2894 4626
2008 1146
199 2239
1366 1289
2548 3319
3751 1844
3481 3476
473 2743
862 3546
4562 846
4156 1844
3156 4267
1233 1263
1125 2099
2192 1146
2662 2851
2425 1372
1592 1289
3886 2868
2919 328
984 3669
4575 2425
666 2846
1728 1171
4044 4575
4020 2851
1416 2425
2027 555
1258 770
155 634
3823 400
3397 1146
2680 1844
247 3019
1892 3497
4488 2927
1465 183
2159 1263
79 4105
3093 2927
471 204
3356 4580
2243 2417
1841 4631
1604 1446
676 1778
49 3165
3356 808
4645 201
4336 4539
1572 4294
1861 2425
2289 2234
2275 3936
2315 1692
4531 2325
4275 2433
201 1510
2390 2425
4370 3712
1758 2883
697 723
3527 3615
3755 2595
1426 634
2570 2638
289 531
469 2099
2105 3024
4489 3809
2294 1146
1873 1778
4276 3930
251 1138
1613 1341
3023 2425
2688 2425
673 4575
821 1219
3156 2431
3045 849
4446 3512
632 555
405 4356
3831 2431
4135 2156
3271 1584
1521 140
3160 2868
1338 2484
2717 955
4319 3512
1431 1789
1322 28
4071 4193
1330 3446
2193 2425
4655 1979
4142 419
2597 1551
2550 2066
392 3773
893 3983
2950 3669
2577 3516
2045 457
3158 932
2957 4399
1828 2232
1333 1254
1818 3512
2908 852
3892 3543
3760 457
697 3165
2551 4094
1427 3165
4015 3158
2402 3966
4038 4109
1598 1757
2076 2365
4526 3165
4271 1708
1028 2264
2813 1529
3095 2431
235 366
2638 1111
3817 3669
775 3699
1430 4659
1075 3568
3051 187
1149 2417
24 2121
3043 409
3802 4397
337 2489
4163 2702
2201 1099
4204 628
775 2431
2267 2230
172 1397
2487 4252
2895 2561
1501 2419
569 1680
3165 678
2759 4360
3822 2121
1106 1206
2943 2296
2073 2431
2115 3657
2573 1289
2179 3699
2140 4267
3520 1778
226 3065
1194 3543
2386 2066
1578 2851
3502 3685
2984 1468
4675 4127
3988 3263
795 2638
3716 800
2991 716
2203 2425
92 3753
1835 3036
3676 241
1938 2425
2798 2302
1648 996
2551 1932
3022 1288
2360 2868
2192 892
3274 4109
2062 3474
490 1244
1341 1150
2110 3699
825 3165
3813 183
3063 2279
2246 2929
3472 2425
2654 708
2027 1551
1607 1263
160 1260
4391 3099
4143 2546
772 2667
1385 2425
487 555
1617 888
1802 2638
395 3699
4299 656
1769 3707
674 3512
297 3399
937 1446
2757 3259
2513 2868
4285 2595
4110 2425
964 3165
2835 3503
3645 4527
198 2066
1289 3036
3454 3099
3205 3259
4315 4538
4575 1260
1996 4260
2963 201
3750 555
1382 3165
1081 555
3234 419
1077 3165
77 2858
1388 3422
3550 3495
3199 2638
174 3543
1005 1260
1185 3259
1346 3512
3573 4664
1419 1126
2447 2927
1921 3779
72 3793
214 634
201 2638
4242 2425
433 2231
3460 3669
1811 409
1209 2176
4497 2813
2283 1744
240 491
4480 3259
662 555
162 2425
1787 1577
4507 3372
17 201
3398 4327
2061 65
2873 3657
416 2425
2891 2927
1129 2851
4001 4072
1154 4626
3211 2851
1258 2154
3036 1723
4359 3165
2239 1198
1258 3568
950 1190
1065 1260
4393 4578
3921 1943
1125 4046
4249 2146
84 3673
1333 2868
2365 3913
4469 2302
1626 4511
2277 2172
4334 3256
2088 1551
3759 2723
1515 4411
1604 2702
3885 3230
2545 634
4288 4060
1363 555
1814 2431
2777 2357
3358 3195
265 2121
3311 2857
3878 2159
4298 2419
566 457
3038 1107
1526 3099
1000 2425
1278 3648
662 1260
4429 4260
3820 4196
1185 2599
1891 3099
3996 4046
4542 3014
3426 2489
4358 2420
171 2431
1883 4601
887 1692
432 2638
3526 4470
1551 43
1800 951
3705 4533
4039 2927
721 4629
4462 2398
3426 2296
2651 2801
2385 1138
2444 2211
2011 2425
3556 3543
1607 2667
4087 3227
2300 4046
4259 1740
305 4578
1306 274
1308 2638
3119 1967
3816 340
4634 2638
760 3707
3597 1831
370 4470
405 457
2918 1126
3974 2425
1884 1715
1656 3628
2712 828
131 3669
1594 4511
479 317
2786 226
4038 1744
3156 3549
3693 194
2879 264
2952 2425
3887 3699
4452 2868
2290 524
53 2692
2152 74
4490 2425
3528 2037
628 2837
207 317
2201 761
2115 2942
2243 2202
2466 2868
2520 43
3489 2853
540 4003
1624 4109
1193 2851
2192 457
442 1708
1914 3673
363 1843
3440 2284
1344 1920
2466 3846
1812 4366
1621 4647
3117 828
3955 3769
3802 3964
23 2616
1379 1551
1409 4591
4513 317
3892 2326
1834 3671
4312 2202
2088 3512
1161 4397
3755 1150
1837 4443
3037 439
2128 4171
460 4325
500 1266
286 2326
661 1320
596 2851
4618 278
3174 3669
653 555
4118 34
1258 3743
2169 2074
1196 523
3090 3669
2402 1998
3490 457
485 3568
3719 3753
3353 2927
863 417
197 555
4475 1692
3792 892
271 124
2011 2546
2963 1998
4036 1692
3748 2868
1995 3769
3556 1341
2391 1261
1043 3467
746 967
2934 3165
1022 28
1951 4101
1996 3589
1410 118
1574 3195
821 3495
1057 2425
3024 3014
3886 1744
876 1260
1230 540
548 755
4412 2398
3036 1244
4476 1251
741 1778
1756 481
1609 1876
219 3527
2557 2692
2717 4427
3031 1789
2655 183
863 4090
2804 2638
3036 1513
1028 3099
1748 3657
3125 3913
2350 3822
3120 1744
4168 3171
68 3648
4492 1895
1858 892
3168 2868
3450 1993
3794 3512
3287 2958
1542 2335
2600 2546
4452 1789
3970 1563
2757 1744
997 2638
2280 1415
1990 2425
350 634
3250 3793
36 2667
1713 1844
4491 634
1145 955
1824 3032
2603 201
1834 3158
951 723
4304 2927
116 634
143 3256
4510 2417
4275 2868
3837 1126
1238 457
4336 3676
4169 3230
2435 2425
2042 4267
8 194
1086 994
1196 887
4362 269
245 2202
1124 1529
60 3128
3205 3512
1694 481
3389 3512
605 2276
2458 4141
3149 2420
945 2335
3345 4260
1916 4646
570 3793
3692 586
745 1551
3185 2604
4070 3099
4482 3543
517 2420
2129 2868
941 3158
3471 1208
144 2398
299 2
342 2420
989 1107
2320 241
214 3099
1796 2803
4511 4397
3830 3512
3034 4411
1657 3699
4128 3099
3784 3557
2553 3158
466 4267
1050 4647
3507 1163
2547 1998
969 400
1455 3446
457 2638
809 2431
500 593
796 2425
3553 4267
4058 3543
3887 821
4631 996
2014 119
144 586
2308 2604
1411 204
1566 1126
4295 4267
4243 2857
407 2420
2008 1723
4330 2851
4097 2044
4242 1150
286 973
4034 1744
113 425
1612 409
31 3171
2852 1138
393 3019
4300 4626
2253 2121
2810 3512
1083 2425
1943 2348
2113 3669
3743 2868
3762 3793
3611 4516
1586 4580
1388 4613
101 3628
1556 1260
1681 524
2342 3123
3987 2977
2744 4360
751 2358
3906 634
925 1341
177 4109
2530 2851
1898 3141
1577 3379
2767 2638
4663 3099
109 2868
4242 2868
2512 1171
1462 952
4211 1828
3356 2616
1118 3385
1724 3342
3968 3822
3453 3568
4520 3856
4021 4516
4339 264
3930 2224
2466 3857
4215 2546
413 2616
2548 1150
3605 4516
2202 509
3397 2638
1349 656
1252 4397
2954 2667
472 2595
41 4048
1723 634
4316 2595
1829 1171
1140 298
825 2515
2053 3055
3601 3673
853 2902
3843 420
347 3276
3005 3669
1196 3589
257 1217
3442 851
1846 2431
1890 3964
2586 656
1097 1171
1608 3331
4381 3100
4347 2723
3793 2298
395 1876
1991 2546
3031 4094
1367 2851
712 241
919 3512
346 3669
667 2743
2355 1405
4183 1190
2712 3128
3375 634
3022 1789
4134 4577
1850 1260
3472 1546
4531 3259
485 241
4161 4109
2263 555
937 4659
2407 3472
4087 1331
2010 1988
4339 3707
1942 1998
543 1715
2115 1723
395 2425
2521 555
811 3793
347 3846
854 4397
1107 1244
3725 582
3657 2420
191 3669
109 2801
4453 2599
2243 435
3149 2121
2717 3049
2219 3699
2670 2358
3171 3467
1799 340
3738 3165
4066 1126
1781 3669
437 2702
1726 2172
4473 2121
3860 3141
460 1299
2474 634
643 3649
1052 3568
3182 634
4054 3939
3184 724
4644 3165
3500 4315
4420 3165
3050 2121
2356 2121
3539 1163
4008 3512
2479 3913
1133 2420
4550 1208
1334 1871
1793 828
3985 4191
3196 3695
86 634
4395 3165
1125 420
1933 3669
2669 1260
4325 511
394 2927
1821 4224
1754 3123
2532 1778
4339 708
1241 2604
3535 2489
1902 2398
1799 9
328 1911
4660 3348
2436 2425
2931 1800
4014 4626
1324 3712
3202 3137
3263 3669
2497 2638
1741 4315
2036 3093
2450 1341
3903 3399
3749 3512
1845 278
3190 3467
3000 4315
2217 2044
863 2709
3577 1723
1226 2425
430 2172
1140 1740
862 1415
2973 4397
3356 3128
877 2431
4151 2332
2736 4626
892 481
405 1107
3706 3055
219 3773
2778 3560
674 2425
1131 3099
2553 1876
1801 4533
840 4207
309 3099
3510 3195
1867 2319
1487 2489
853 3930
1232 1251
663 1260
3438 2146
1800 3123
1000 1967
1437 2599
1241 1260
662 4629
1699 815
4198 1988
3628 1171
2687 3165
1416 3673
4551 3137
3930 1967
1051 2604
3250 2457
1293 2489
1985 634
940 1551
2258 900
3959 3165
2725 3657
4172 3669
4554 4193
4644 4516
3036 3913
1636 2264
2927 3831
164 420
4037 2638
106 2546
1751 2421
2146 4397
2893 1167
4228 3568
2054 2425
2304 306
2695 3399
4143 241
3067 3669
3278 3568
2533 2420
723 2202
3579 3669
3280 2197
3642 457
4024 2103
2210 2595
4482 4315
1185 1251
2729 1692
1061 656
4009 3602
185 3165
832 4260
2578 194
1990 1229
870 2420
5 300
3734 4570
371 4260
1915 1529
2121 3913
785 2312
1362 4527
3278 3809
863 3014
2772 3568
2196 2425
4427 1911
1686 528
4134 3319
3921 3354
2347 3137
1908 4470
1594 2069
3727 1664
1855 2121
2747 1778
2015 2501
3394 3512
3514 1415
3725 2927
60 540
2582 4252
445 4340
3275 748
1732 419
4067 1299
3702 3165
3250 2489
1489 3753
3990 3699
1373 3495
6 4646
2163 2420
3195 1584
3292 420
1026 1341
110 847
2889 1884
3431 457
4453 3699
3112 1206
3853 3387
1614 3679
3723 4470
4075 3036
1830 723
2908 1138
2039 2028
628 722
3447 1723
2032 555
3181 4427
4581 4196
2989 1516
4631 420
1694 3467
4337 2634
3545 2398
209 3753
4232 525
1323 3165
1306 421
3979 828
63 4624
2451 2431
4180 204
3397 3019
78 1789
2711 300
3205 2425
2161 2693
2632 2638
896 4575
1185 4397
2943 2766
305 2595
1621 2425
3479 204
157 708
2939 2425
549 4267
1758 4278
2614 1397
519 2599
4625 3753
2078 880
1913 2851
2158 2672
918 2927
4027 3713
4510 3793
4605 102
1604 1744
697 3543
1907 3512
1670 4631
857 524
1102 3099
1361 2638
37 3387
3110 3527
3556 2548
2366 258
2668 2638
2593 3843
2845 4224
2764 419
1149 3905
3548 634
1864 118
855 2868
533 4165
3341 1723
4125 4267
2094 1244
816 3259
2807 1079
4457 2868
3363 3773
4632 1844
4510 956
322 4260
106 384
565 634
2664 2276
2608 409
28 2638
2512 3286
3480 4627
4019 3055
3585 2902
4008 1828
2340 1331
608 3467
2289 251
395 821
2713 1187
716 3669
863 4202
3755 419
3036 2121
201 3141
3323 725
1278 274
2471 241
3250 1331
2618 2837
2890 1341
1521 2604
2551 3793
4510 4292
1240 3512
1827 4048
617 1260
3258 651
2814 2631
565 3669
397 2851
3068 4132
2070 634
341 4109
943 3527
4252 3913
3203 1229
2223 3283
2923 2431
461 3512
3126 457
1808 524
2988 2794
2307 435
745 761
1166 1529
3273 3568
1836 3055
753 2420
3096 4046
3103 3648
4339 661
3465 4626
1269 2638
80 3165
3929 3699
1790 2548
3150 3512
3447 2121
3056 2431
4497 2868
2167 2546
4305 2431
1990 3568
4444 3527
2086 2868
3811 3623
4062 4424
1353 1255
3113 1146
3065 3913
1256 3100
1234 3512
2816 4193
395 3158
3245 3568
3760 528
2158 1744
2291 4294
136 305
4463 1580
464 4207
2037 1138
2133 1229
2914 2421
3579 188
3825 1529
1809 3543
960 2638
4076 300
2083 241
1185 1260
2061 4484
4163 3476
485 4267
3996 718
816 2239
2930 904
3156 3666
1336 2420
4583 1775
1630 1260
4298 2202
4605 3385
2516 4080
2731 4105
3929 2425
2267 3873
1185 4340
122 2425
268 2202
608 3638
3679 1963
4107 2425
3109 541
2573 2121
4336 3793
1919 4655
4013 1740
3878 1533
329 3669
942 3915
3775 3099
2674 3099
2874 1190
2457 4431
2288 1551
3075 2604
3691 3565
3206 3351
2510 4072
2737 2638
1936 3259
1902 3512
2636 3753
3409 1341
127 1126
3105 2055
4140 2425
2747 4306
4586 2
307 2638
537 2425
4602 3694
1982 2846
3607 1551
3156 3123
2203 19
3425 2335
3009 2919
129 3512
4066 3075
4557 1744
3244 2638
2402 3669
3749 1172
1098 4260
4422 3036
2061 86
2481 3165
683 118
2469 310
1694 3707
1058 2066
337 3543
3887 1446
462 1415
2100 3337
3923 3699
340 2851
1487 1213
3517 2425
536 1584
2055 1932
2023 1551
2258 1513
3584 2638
2558 2851
3942 2425
4356 634
4630 849
4646 266
1056 3512
3456 2851
1180 2546
4561 3669
626 1529
3599 3520
1909 3913
2345 634
813 3793
347 3474
1793 1740
4183 2638
595 3707
4496 4267
2054 4294
3556 1778
3621 1208
550 1723
292 3669
3859 3165
2023 2134
4312 1953
2608 555
658 3809
4157 3512
4339 1723
3447 524
256 2445
2223 4105
3582 1138
3895 1206
4650 555
4042 1844
1607 2692
1928 3793
4523 2146
1056 275
1790 2943
4330 1590
2644 1341
2413 2667
457 393
959 4267
3149 3036
1215 2425
2576 3230
201 3256
4074 1529
2003 2546
3935 1126
3869 3182
2206 419
2115 2761
2761 528
4110 435
1346 3673
959 2425
4237 1529
3240 36
2268 3753
399 3446
1529 3099
2467 1260
1354 634
1617 3543
3778 2445
251 4601
2525 1468
3643 3512
2200 1740
3341 3055
4557 2
2389 2927
1112 882
519 4060
177 2667
4654 4470
3524 1376
51 3099
532 3568
3131 3527
2627 555
4098 450
1106 2121
3607 3512
2582 2614
3943 3055
863 981
2118 2465
4022 1778
3226 1318
3191 2595
4460 2857
819 2431
1558 2979
3938 3638
1716 4153
4448 3669
3446 3827
2869 2851
2201 1258
1597 4397
2027 3543
245 4397
57 400
3470 3099
485 2868
2741 2408
2037 3568
2570 2121
4419 3635
1192 2175
54 1445
962 4141
3469 2091
3229 2425
4045 555
2008 2901
3333 3165
3890 2425
1047 2066
4336 2595
2857 2419
172 1723
4482 3512
522 3491
4352 2604
393 3099
1872 1107
771 4267
1310 1415
2800 3446
1041 2425
3621 1778
3442 419
2665 2066
4558 1584
949 3259
1722 1908
1722 2927
1463 888
2105 2972
12 3527
4271 531
30 3512
3949 2595
4261 1244
3986 1692
168 3474
3858 541
2444 1341
4134 2046
771 584
1278 317
3839 557
2048 317
3921 3165
1278 531
3966 2099
208 1107
3278 1405
396 274
1111 1872
1818 2425
1990 3218
2297 2638
3985 1692
4070 524
1098 3512
2223 554
1414 2311
2991 3657
2444 4267
3072 3669
3024 4396
2821 3165
3370 3625
3205 828
1440 3803
3159 3259
2813 1138
980 2638
893 3193
252 634
3165 1059
3886 3269
3285 1190
1990 3165
4657 2638
60 3165
805 2638
4198 3628
4200 1415
1463 1031
1933 1529
2927 2319
2885 2614
4264 3348
1578 2121
3133 4516
2142 3657
1935 2091
1819 1331
1176 2121
266 3669
2121 634
87 1213
1857 555
1347 967
1406 2398
2441 2520
1498 3666
3871 528
3933 4511
3313 1260
2115 3685
944 634
1106 457
1556 1789
1469 339
3359 4048
2713 2425
2317 3657
1198 1551
4247 758
2223 3648
765 2202
1456 2425
4115 3236
4079 344
2407 2363
394 1577
3861 4622
1092 2066
3047 3909
878 1692
2862 1260
560 1778
679 1415
60 4668
2467 811
1463 834
2037 1126
2522 3099
2553 541
2585 2639
76 3384
3673 860
115 3512
1749 634
3337 3099
1018 1844
3354 1171
1540 3800
335 1920
326 1415
930 2638
1053 3980
4558 2578
553 661
1890 656
668 2264
3156 3249
4463 3165
3761 1708
1226 1715
2166 1563
284 634
4118 3387
3400 1341
841 3137
340 716
265 3950
2133 3512
3026 1289
4473 28
3644 420
2847 2763
4453 4008
2287 2018
2179 656
615 3055
347 4267
1133 524
1098 2716
1599 3527
1550 1450
4254 113
3704 3439
1293 3699
3176 1146
3551 4626
2603 1723
2443 4419
4362 1255
4296 3699
183 3059
1665 4260
376 4397
2488 2996
775 2202
2372 2851
562 2326
4512 4141
3263 4278
182 3527
3238 1328
2276 3913
1883 1876
421 555
1545 4325
3884 3512
1712 1915
4411 634
4142 555
4232 2420
3174 2638
1917 1415
2096 4629
4548 4224
3359 457
3479 2425
2178 1163
2677 300
132 1920
2259 1350
3161 1126
227 2044
1600 540
202 1150
4547 3512
4187 3557
1781 3099
4145 1692
467 1208
2822 3768
3203 202
915 3259
1863 869
4138 1529
4364 3669
468 2692
1028 2638
2088 2398
4122 3474
4150 2425
3 1446
365 2604
3877 4622
639 1967
2059 4315
4304 2604
844 1138
987 3255
2909 2326
335 3679
3676 1580
3991 2702
3619 2358
1955 1208
2599 4659
1822 4642
4540 2
702 1571
4158 2546
395 306
3499 333
1613 2202
4463 4591
4320 241
2653 3866
1196 2927
3070 457
177 3474
2003 2
3479 3699
3268 3467
294 3695
1022 892
2766 541
2794 3474
4510 2326
235 2398
2528 1299
3205 4315
2467 4622
3979 1260
3057 2425
4330 1723
282 1415
1136 3779
1842 4340
4345 1533
4435 952
3458 3712
1395 1723
2927 4260
1451 3467
1771 2066
3231 634
3733 555
853 4477
3153 1546
3916 4306
2561 3699
1355 1146
4108 3302
3860 4083
3048 1260
1169 1229
867 2595
4252 1723
1290 381
2534 1107
3417 634
2665 555
394 2616
3168 2398
3563 2489
811 4202
1948 3669
743 1244
4339 2121
2088 2202
562 974
2160 2046
1458 2638
556 3543
4389 1405
1856 217
1402 1025
4076 3165
3743 1951
3837 2870
3446 867
3577 524
253 507
4590 317
2843 2420
4567 3512
2434 3543
3205 2335
1960 2868
1618 2638
3482 1998
4065 1844
4275 581
2539 17
2201 2943
2114 1341
1362 2574
4470 1778
2183 2202
3141 524
3808 3436
1553 3099
340 2420
2121 1107
1919 1115
16 3387
1622 1876
674 3699
2400 1415
922 2851
4617 3165
2258 634
2237 528
3921 3512
322 32
256 4573
1578 2638
3704 3474
2341 3099
2978 4573
2533 3669
1514 2202
2529 3512
1390 974
146 2425
3626 1115
13 555
4355 1723
287 1331
3797 1126
778 2420
3694 799
3009 2616
3749 1260
4550 4570
3099 1994
3482 1723
4342 2638
1793 2868
253 4664
1498 952
3717 3165
2381 2173
1080 3669
3178 634
2294 528
4540 262
3892 3158
3519 582
4536 4209
86 3149
251 2044
3698 3398
4492 4397
2223 3632
4043 3557
4205 1529
3049 4575
3603 1446
4647 2357
2037 3165
2646 1467
3482 524
3930 849
1235 3446
1771 435
2164 1266
2124 743
2558 1415
4217 3793
4451 3099
3884 2455
786 1146
4215 2425
4313 4622
3328 3847
177 3699
3863 634
2931 2425
1228 3699
4004 2066
4216 241
2964 4613
1414 2121
115 305
4404 634
3636 4499
2697 3966
2927 410
4076 3259
3017 541
2927 1187
3559 4622
2568 3527
742 1163
4095 32
1890 1167
4664 3014
1042 1304
4492 4260
1337 994
4198 1943
3729 3100
2805 4091
474 457
2664 2420
2582 2420
4102 716
100 1723
3224 2855
1787 2868
3347 755
2256 496
2390 4516
3122 3302
2113 3657
1859 1126
4242 419
1130 4646
279 674
3150 3543
4474 459
4004 973
1065 3512
4590 4267
1258 2857
322 3512
3296 4152
4386 1374
1459 1963
2878 4315
578 4662
1750 3099
1734 2851
1507 241
3036 1289
3833 1584
2428 3712
1635 2604
3678 2312
199 540
4110 3399
2715 1489
256 1107
2595 3399
3791 821
1941 3099
2927 3512
3114 1967
3355 1146
3475 3099
257 1341
3913 725
1293 3512
2603 3712
1927 1146
1121 3055
4522 3685
3307 2743
741 4470
572 1218
428 2855
2880 4046
1274 457
2068 1844
4569 3669
2994 3657
3582 1733
1360 531
4386 1263
4252 2851
2331 4188
130 400
1255 1163
744 634
1694 3669
3835 4516
4419 2159
3736 2614
2830 2018
4482 1171
2771 3259
3884 2278
2482 3913
2713 1341
471 1697
4040 1584
1385 3165
1612 118
234 554
1650 3669
2338 225
1437 2425
2613 2851
759 634
3192 1844
563 2123
1612 821
3870 4643
2223 1593
1096 524
2258 1998
2023 19
1107 2420
1846 1171
3280 634
495 4327
3363 716
2706 2398
1480 2431
3585 3512
1089 4470
1617 1255
153 1126
2010 304
3884 2398
3703 3165
2257 2066
4419 221
1799 1998
3974 3354
2991 1723
1627 1255
4173 1405
2799 2855
3401 3699
2088 1171
2848 4397
3098 3436
2758 3512
3835 2723
2516 3329
1861 3512
3766 661
1169 4260
2783 3657
851 2159
1794 419
2088 828
3965 1723
3341 2788
550 2445
61 3685
780 3527
640 1107
437 1208
1129 3036
3622 4193
2552 555
396 2599
1869 17
867 2431
2490 708
2862 3512
2713 3543
4241 3399
945 1432
1226 317
3048 3438
2687 2701
1874 4655
3942 3699
2225 4516
1658 4580
3805 4193
4064 3529
4183 1244
1707 2234
2110 2425
700 1580
2729 1258
2761 1998
4231 2783
1242 2851
3735 555
4087 2066
4210 4141
448 2637
1111 1723
227 4142
80 1920
4113 4292
1689 457
2623 151
2473 1405
2554 3195
3521 634
3133 540
1210 1533
3561 4109
177 2425
3892 275
732 1951
2297 2275
3915 3669
1875 1341
4402 3484
4621 541
1408 1331
3726 221
3265 528
4635 1529
3788 1844
3278 2639
2120 708
1665 828
2782 4411
1228 2868
3689 1217
3440 457
3328 3354
1191 1529
4451 2284
3287 4023
3970 2420
2638 3685
178 3205
1065 274
3442 1150
706 2398
3368 4325
177 4397
3605 3799
53 3520
4383 1260
4501 3793
2882 2638
498 1146
1358 2851
4571 2066
1617 3512
471 4662
1846 1692
1656 4267
4134 1744
624 2431
446 435
2747 555
29 4676
1595 555
3214 3809
2201 2044
438 2121
4158 582
4435 1172
4315 2629
271 3512
3421 48
1316 3527
4449 2638
1499 2851
2612 2927
2302 1529
3539 1584
4317 634
3104 1263
263 4227
233 3259
1220 2546
2638 985
1465 1146
1070 2851
2027 3512
637 4260
674 2868
3942 2691
4321 1208
3343 3555
2895 2489
394 3079
4616 2638
1280 4091
2575 2425
163 4664
3366 3225
2061 1513
3915 2851
1607 3512
213 4327
2148 2425
3611 2667
863 2692
1531 4527
2105 2425
2806 1497
4124 2638
2258 3685
379 4315
1029 555
1164 1765
4043 3803
2105 4057
655 3852
4403 2851
4336 2646
4242 2775
87 2455
1478 1844
4519 3753
1606 2929
2588 4397
2713 1692
391 581
3758 3669
3904 892
2274 3210
314 1171
3167 1692
4110 3512
2441 3512
2425 111
1853 528
716 4333
399 846
4510 4626
3725 4260
2713 3901
2897 2431
3798 3666
3338 2883
358 3141
1147 4372
3802 4160
1649 2398
1799 3657
746 300
1198 2425
3493 1998
2408 409
4546 2851
3036 3467
3566 892
1531 2423
3701 3055
3709 1260
109 851
2619 241
1933 2121
1661 1107
2254 2354
1552 2518
2701 3673
3336 1778
236 3512
2200 4516
876 2425
1185 3123
3524 1415
2834 4333
3841 102
2140 1584
4615 4278
1466 499
2743 1493
3867 3099
890 2172
1562 555
3730 2425
4175 3568
342 3669
4077 1190
1723 3099
2019 1163
2410 2876
232 3165
10 2431
4390 2066
140 3326
1412 2044
4458 2420
1857 2425
3376 2926
1346 2326
1253 708
2900 4048
2105 648
1462 1584
3514 2638
493 1331
1661 3657
946 457
620 3527
1176 3256
2832 634
2813 434
3254 96
3756 133
3534 2299
793 1532
4558 1163
3579 1289
2410 2066
2403 3099
1563 3657
3743 2723
374 3128
1337 2927
3975 2425
2555 4647
2592 3555
3341 2420
4562 3099
378 1172
2897 3557
249 4516
4030 628
3189 1963
1015 2638
667 1778
3054 1692
2572 2121
2158 3846
1805 1973
2690 3753
2564 1844
1837 2929
4293 2420
1564 3512
1548 3123
1009 2066
4471 2358
3852 3713
4477 1389
4500 457
2597 4397
4305 1229
329 3099
2603 708
3432 119
612 1190
1037 2638
3081 1331
3835 2425
1511 634
2758 3259
4316 1205
3353 241
3886 1150
4100 2066
261 3195
902 1692
1161 2701
2075 4676
1583 237
2385 3699
2375 3937
3793 2629
1840 3568
2657 1819
2555 2578
1834 511
3266 1146
2371 2851
1995 634
4160 2
618 2357
549 955
3442 2455
4494 2357
3433 1244
1995 2365
2798 3669
3102 409
1053 2425
2516 2709
1258 1150
1572 2425
568 3277
3671 1260
1822 4570
1218 2285
1069 1692
2027 494
163 656
4082 3165
950 1327
1026 1708
4098 1251
3124 828
2243 3512
1397 3099
4496 4306
3981 1171
4221 3099
1694 4371
1387 880
4076 4372
4319 1163
2742 2626
2318 2638
1855 2851
1469 2723
1125 119
2177 2425
4339 4031
207 1208
4528 3123
4484 528
2852 2964
4233 3568
3811 628
2313 2042
3476 419
4422 882
1514 89
1613 1778
3411 4141
1831 354
152 2599
4630 3628
372 2638
2701 849
2094 3256
4543 3909
3674 28
3785 2239
2982 3171
3814 1126
3576 4601
1884 2202
863 4633
2110 2431
1887 1146
3802 1823
2112 304
2121 1723
3736 2421
3811 1266
3340 4397
2006 3399
1793 204
604 48
3202 3699
1996 3543
1878 3784
1860 1692
442 118
734 3142
2770 2851
1661 1529
2963 2173
2066 849
420 1166
4167 3568
2603 900
1160 2851
4249 1551
867 3590
4407 4267
1550 3512
3564 3392
956 2868
3172 892
2945 1146
2041 955
4222 1744
4441 2801
201 1998
4284 2857
3170 419
86 1146
672 2638
3882 555
2521 2425
606 4516
3297 183
3621 3319
4110 3803
3830 1951
172 1292
4008 1387
1505 1692
3703 2335
1452 3055
1955 4622
1612 3399
3146 4664
1541 3512
243 4591
3156 1260
1761 1446
2467 4090
1611 4399
759 892
1177 2425
3452 481
4262 241
4149 1529
1711 3806
1673 4267
1402 1289
1004 3100
599 2638
3156 4207
2985 507
277 1341
181 4356
4346 2927
3696 3793
2542 3259
3744 1844
1723 708
1639 3512
375 3799
1107 3486
9 3467
667 4325
910 2868
855 1317
1820 3446
1255 2837
3369 1744
1831 2231
2213 3246
169 86
479 531
445 1208
2744 3669
2677 3158
1472 3165
2097 254
1117 2431
2603 17
410 4025
3493 1415
167 1432
1381 2667
3928 3668
3195 4659
421 3512
4409 201
4185 3793
2328 2927
3703 2
1595 1298
1233 2599
1394 1039
4347 3165
4211 3699
3175 541
4527 973
2078 2377
3022 4397
4008 3699
1060 4366
2551 317
867 4191
419 1159
4628 3512
1799 3669
1519 3495
867 1920
3638 1723
505 3123
3022 3520
1198 1580
3833 409
781 241
3722 1163
3403 3699
1596 4091
2092 2398
204 1988
3442 2425
1572 1153
2534 3685
3128 419
3479 2857
1007 4421
1816 524
2121 846
4558 74
3845 4439
856 3512
3332 1943
2326 2251
291 3685
4647 194
1034 3165
3175 4325
1469 3793
2603 4224
791 3966
526 2417
184 2264
2158 2723
305 4260
1319 1744
912 1551
2816 4327
4221 2638
2571 4315
1430 2868
3887 2202
2008 3657
2541 1876
4651 748
1996 2723
2456 2104
4661 4424
1439 1260
4088 3512
4123 2504
548 2616
1065 956
3910 455
3570 2548
3638 3099
635 1744
2606 2520
2612 3165
4385 1744
656 698
4339 634
1934 1341
4634 2135
3828 634
4453 3474
1799 3913
2344 2667
4343 439
1889 2431
4497 1341
1240 3793
3179 4315
508 2546
2121 166
1471 3142
565 3099
1418 4439
4283 2868
2499 3100
3278 2595
1026 1208
3972 1692
399 1244
716 3099
4210 1138
1700 3036
334 3165
3892 1446
3482 1107
4481 3495
3442 2927
2961 2614
2095 2518
2665 89
141 955
4334 3966
4558 1876
3006 1943
4452 1288
4123 1744
696 3669
4158 4052
1944 2284
2075 4105
380 4315
2279 2257
1397 892
2514 2851
681 825
2011 4596
1514 3064
3820 2702
2809 29
2907 3699
1395 2121
1307 2398
2219 3568
2023 1468
1188 3099
3892 3699
3494 2358
4393 4580
2198 3527
333 2638
3291 3512
2422 54
4115 2018
3358 2357
3802 2172
2158 1715
839 1446
294 3568
1286 3474
4625 528
3397 3562
456 725
2073 4003
3830 2425
2978 634
662 4659
4585 2226
3767 2420
2911 4516
3397 3099
1535 274
2222 3399
4043 2863
1958 2425
1898 3753
798 2264
3371 1415
177 1798
4198 4578
3971 3165
2121 457
1226 1908
2735 1998
1495 2420
3772 3543
1818 1943
1933 524
1408 2852
4337 3543
443 1163
4324 4363
2007 3699
2965 2230
2066 2277
62 1963
628 3411
164 2275
2316 3158
898 3793
3251 2604
344 1683
259 1126
4156 4533
1869 457
1917 2851
1169 4327
2344 3543
3650 3543
347 3165
2055 2205
1919 3202
2252 241
2498 2877
4253 1993
589 2239
1933 4252
4167 3165
1275 3512
4208 2902
2374 333
1919 3137
3043 2723
142 4191
1912 3543
1854 971
1140 1208
1783 3543
1227 2425
1586 343
3127 4224
2938 3669
3480 317
2806 851
2831 2546
1943 2425
2004 2851
420 3754
4108 1380
4644 1744
1547 4131
1105 1963
1259 726
1536 4533
2608 1260
2930 1200
4245 3019
1422 2927
519 3985
529 28
4355 3256
3795 2425
1149 1584
2478 2556
3887 3165
4331 3099
62 3259
2713 3512
907 3158
1771 3226
931 1724
2951 2425
2943 2857
254 3707
4008 2604
4492 152
1739 420
454 4141
1402 2420
2179 2184
4275 3762
4108 1263
652 3141
3296 1200
3165 3142
1651 1329
2751 2996
4210 2763
3524 631
2667 1217
522 821
4455 4105
1959 3259
2215 1723
1649 1405
143 4252
201 2121
213 4160
2369 779
2624 4094
4158 4427
3119 2578
1290 4260
256 3625
4353 2425
3915 1513
3252 3669
4666 3055
3461 1378
1608 849
271 4511
3860 86
1258 2159
397 2276
1967 19
3293 3064
2903 3399
287 2837
1855 716
3621 2927
1872 1998
4115 2676
1019 1529
1515 892
3559 828
3577 1244
287 2066
347 3044
3837 3512
4011 1529
4095 3495
2835 2638
1385 3512
3611 2425
3479 2868
1541 3793
2687 970
1231 1513
961 3191
2302 716
973 800
2974 3019
886 1415
1955 849
3669 1179
1876 1198
2027 3495
2276 2420
4202 1341
2378 1289
856 3699
374 1260
4648 4356
4313 2919
1723 718
2305 1876
4211 3793
1923 2851
4355 1246
4146 2398
4388 3753
1880 1736
396 4427
1470 2398
4337 851
3559 3474
2714 3673
1049 3546
2007 555
3889 3015
3262 2868
1155 2857
1508 2996
1931 1126
1265 274
863 320
3048 2868
1681 1529
3885 3512
2667 2868
147 3165
2875 3758
1607 3543
3887 3543
972 1876
3 1744
3278 3543
495 511
1784 2851
2457 2667
4244 2864
1604 435
1284 852
3156 2181
873 555
2117 2868
1488 2425
4134 3557
4482 2898
2487 2638
4088 3495
1851 1263
4402 2231
33 1260
1002 1571
4581 2546
4517 3909
4552 4267
575 3512
3408 2638
329 725
1573 2851
4664 305
623 201
1567 2868
3885 3679
4126 2264
2166 634
489 241
1081 4196
832 1260
2346 2398
2107 3024
3416 1206
379 2066
2337 3512
377 1744
1704 3699
2695 4109
2900 457
2493 3568
256 3966
1224 2431
3930 2357
4143 2604
3965 1190
4427 2546
1903 531
4215 89
1952 3358
1200 2648
3527 4059
2056 3939
2213 3019
1088 743
4604 1446
820 3937
2375 3399
50 1844
3704 2202
2786 3547
1158 1138
2201 1493
2995 634
667 2595
3083 2425
2066 511
3133 3512
684 2851
2868 1214
4066 828
2088 2520
2773 2066
2020 800
3726 3512
3320 1415
3421 3753
1612 1263
1164 821
1479 3753
2115 201
2710 3669
3133 3568
863 2407
3633 955
1194 4060
2862 3569
1046 3699
1056 2837
422 3342
3663 420
3481 4141
1790 3679
1837 2202
1059 27
561 528
4500 1723
280 851
3652 849
287 1744
3878 3735
3353 4653
399 2445
3780 114
2317 1723
2066 3059
2401 3195
4341 3399
2625 2425
1433 2398
3014 4659
3203 2927
3919 828
797 2425
562 3474
2527 3158
3869 708
3384 3384
1503 3699
1129 1107
3228 3512
3042 892
3747 2425
1200 3947
559 1744
3075 1740
2409 1692
167 2927
1108 2638
1527 4399
1501 2425
4496 3557
2534 3669
4478 4141
2507 3685
863 3509
863 88
1872 2445
1438 2398
867 1229
4466 1778
3973 3669
1915 2494
2806 2044
4452 3930
1460 892
1563 2638
3104 4419
3611 2868
1364 627
1338 1973
1025 2121
2452 3966
2799 3512
4233 2425
4166 2868
3312 3099
1650 4318
4275 2876
536 419
4337 2398
3621 1920
3517 118
985 634
481 708
3007 511
526 955
2598 3512
3848 333
347 274
2446 4091
2790 846
2429 3806
1745 4516
3212 3712
924 1341
3765 3032
3238 4315
1016 555
2201 2312
1834 3726
2201 1715
1033 4278
1054 555
906 598
2022 1297
4155 2899
4391 2638
3885 3245
2490 1146
1243 1304
881 28
1501 3793
2344 434
3065 1146
3697 3099
2200 3699
838 2425
2612 3980
2140 849
1428 3793
3825 3101
3278 2546
2590 3055
491 419
2175 1039
2376 3055
1264 409
412 3793
1541 2202
2820 2638
1240 511
1738 3495
472 2489
