2422
3672
2230
4195
698
3579
4261
3941
898
2663
2688
3383
1215
1803
1161
1114
2141
1108
724
17
2158
1514
2512
3675
1396
3957
1423
1099
1486
675
95
2262
3655
3603
3566
4429
335
4521
2160
3585
2821
1884
2623
1780
2958
1069
2263
795
3306
2954
455
75
1974
3553
2520
1969
1916
273
1445
820
2088
1127
1138
4563
1836
2526
2472
1847
870
4176
1787
35
1493
2463
1672
3402
2383
834
4339
4353
2153
2032
4454
2134
4010
1898
2714
417
1271
569
4620
205
2808
3869
1705
4594
3642
377
1391
1576
3364
271
2687
1443
1383
690
167
1325
1504
3094
1305
1581
980
64
2446
1401
4531
2521
4564
4439
2948
4169
4559
4494
2294
2736
568
2460
1543
2550
2070
169
1371
4084
3736
3431
695
3256
4190
2089
1148
3657
3783
3114
1352
917
2022
3813
3092
2467
550
582
1561
3269
4561
1930
1789
1537
1971
2204
3882
3742
2814
3667
2436
189
278
2073
3246
3429
2841
2895
2620
1140
2536
2703
2802
4452
1786
1460
4328
1810
3360
1031
3693
1859
3622
955
1448
3733
3602
3851
4614
1497
3755
993
149
1282
5
2253
4018
2575
3237
2997
1942
71
2942
3463
3371
534
1903
1409
776
4458
1755
3865
2786
2522
612
4000
891
223
3312
2094
1560
2949
1498
591
4135
4577
3971
2332
1908
2005
2265
2254
1647
2513
562
2700
3584
4449
1428
4539
2063
2382
2356
1121
3906
3077
2534
2111
4327
620
3033
108
3110
554
2243
361
1034
1500
1611
985
4436
4456
853
4350
2951
3894
2573
540
2101
3258
4555
3172
3701
1050
4173
2268
4626
774
544
2862
4336
3362
3217
1520
3079
2198
860
895
240
4110
946
1609
1906
2351
360
3117
3833
2746
1476
1790
3001
642
3660
1652
1068
1367
4487
1546
1881
2501
1913
2315
3561
260
733
2205
2052
4585
972
4072
824
4396
3653
2694
3175
1883
539
3568
3166
1442
4300
855
929
2794
1501
80
1232
1465
2879
219
2881
3373
2967
1551
2314
3466
1272
4305
4094
1177
339
967
1861
466
13
2171
2727
4322
2345
661
771
2759
1147
888
2827
1975
2957
3570
2367
772
111
1695
2128
93
2176
1610
1113
2298
2006
741
3613
1992
667
4676
294
3049
2609
215
1056
4139
4587
3099
329
3513
2187
730
948
3233
1761
4003
1681
1355
1748
3829
1375
2993
2245
1670
3420
849
627
4634
208
4468
3998
3739
3597
23
2730
864
521
4108
1046
3641
2288
3781
2874
1712
2197
4642
3978
1961
4254
637
1812
4378
1734
1495
2409
4535
3966
3102
2483
2547
20
2248
3562
2438
608
1194
658
765
2980
253
1513
144
3697
3708
752
4095
3211
1589
1944
1075
3207
1146
4313
1600
517
1151
3868
3884
4266
4356
3668
2426
1441
4076
4157
4543
4196
3332
2617
552
78
4471
3016
4083
1168
2833
1972
1139
2038
3889
2825
2660
1962
1212
107
813
390
3578
516
1178
2021
4024
3386
3710
483
2912
2820
4163
3380
1661
3050
1517
4017
4012
601
2104
1339
2525
3979
3379
3410
2132
681
1905
908
2276
326
113
157
4175
3732
124
345
3115
491
1346
481
4016
3028
3765
3451
2399
4507
3730
3392
3772
4230
816
1700
4311
580
2870
1662
4510
2418
136
1463
1882
444
1763
3054
3789
4530
2174
1299
866
4499
1893
3063
2642
233
197
4397
2971
2693
2385
3046
2524
1901
1135
4283
766
2465
4647
1224
2166
2125
1228
3812
1978
2121
2108
4649
3170
3493
673
1644
4625
3261
4613
3330
4210
3961
28
4036
3088
1237
4482
1295
1289
3818
1687
830
171
3554
2272
4007
1064
1279
2251
1411
1251
3771
4231
3152
3448
2080
1938
1896
2768
2737
2338
2894
4297
1888
1134
887
2569
3887
3112
1063
3243
2238
3055
2393
1163
769
2086
2592
3202
1819
875
3367
1741
2973
2985
6
2007
106
2486
1856
4591
2939
2395
2239
2024
445
247
2664
648
4302
566
3188
1756
2165
1917
484
152
3293
1844
2627
2562
2479
3047
2994
30
2893
3619
682
222
2716
674
879
3860
4390
2299
408
2748
645
3469
3929
2624
2652
3686
2496
1548
471
1260
2335
2608
2185
1376
3283
1921
2181
2785
4186
1273
2749
3106
2597
4021
3007
3382
2142
1065
2605
3219
4081
1674
3637
2795
2779
386
4550
3993
1081
2058
3062
3480
2478
1613
2666
2715
1248
2027
84
1414
1262
2480
749
4546
4673
3608
192
69
4650
614
3467
3292
1885
1811
1730
1124
1100
1481
4153
2030
4597
1171
2762
412
1223
4493
354
3019
133
1350
4085
392
1393
535
914
923
4301
4627
121
2984
1664
3012
625
489
1719
228
2913
289
4071
2818
4140
4248
40
2878
1575
1060
2045
3751
1424
3338
358
3447
1817
4387
3
1620
4271
3286
1505
3022
3723
1247
2352
2713
1259
342
422
3287
3401
3955
997
99
518
3222
1238
3995
3543
51
4019
2566
4624
2946
528
3093
2107
306
2282
1133
3145
910
3785
4325
1541
971
2354
2615
987
1182
2584
3964
1347
3956
3779
581
1078
2629
44
2470
606
3572
1736
3253
2832
3182
2317
1631
1368
2445
680
1290
1544
2618
2047
2075
201
3251
1649
1331
22
2082
537
3927
2880
3305
3612
2637
300
2186
4388
1277
3086
4120
4117
758
4395
527
2756
3963
621
605
3949
3095
2682
1554
2232
1941
2645
1539
1184
4421
3648
2869
4032
4517
2115
640
3048
2143
1478
3898
672
3943
2606
3933
2877
2764
1077
2636
1000
1012
4379
1468
135
743
1400
4179
2054
1923
3468
4123
2983
1362
4249
3171
1545
4209
2669
4256
1191
4101
2774
3842
2458
2378
1156
3236
966
353
632
1671
1105
2622
2734
2611
2035
4269
1023
2494
3790
1933
4622
3895
2303
4503
3766
2437
3263
3567
907
721
2733
2752
1176
3989
515
1733
2992
2320
462
309
2911
2747
1440
1909
2899
968
2516
4326
4491
3632
1315
3752
2558
4192
4047
405
2415
42
2628
2502
2960
395
1035
4481
3528
2914
2341
2661
2674
873
2681
3327
4155
3357
2429
2582
3377
458
2326
1
1958
428
1381
4330
2342
2976
2321
402
3737
2594
662
1658
4502
3934
4347
1403
112
1833
4148
2729
1119
3262
1862
1323
4473
3721
4426
1907
2177
2220
3809
173
1115
1022
2256
2060
3792
4241
1179
4589
691
1685
1617
3920
576
3192
2770
1094
1645
270
3636
2515
2113
3908
2891
2845
4571
3328
4465
3999
1737
4133
4315
1027
2731
4333
1024
220
2126
2829
976
134
1020
1795
2290
1326
4295
685
2233
195
1137
4335
3036
4080
2775
3294
2156
3738
3113
2589
3009
3504
3465
2766
2451
2183
1365
1472
3324
3353
3024
4495
3128
1622
1633
3260
427
4480
459
4211
317
2962
4050
2247
1703
2866
2312
2650
2484
3104
501
165
594
2311
4633
2847
2724
839
1145
4166
198
3534
3348
723
3435
3939
1170
2530
4526
4538
2474
2116
3272
2651
1382
2394
557
2275
1444
1937
4165
298
553
2050
659
2548
3540
53
1373
3475
1351
3221
4014
3947
1227
3317
1356
1185
180
3500
3214
510
3681
3301
2168
638
2683
3291
1774
973
4331
851
1986
3267
3973
39
2152
4484
2109
2511
4579
2969
1603
1920
12
231
146
4259
4275
2644
2888
2120
3436
2252
2295
2343
2170
1839
356
3064
3140
4431
978
1026
434
3514
2200
904
3917
2208
2081
4222
2641
3442
890
1964
3618
4265
2049
4122
4528
2336
634
1126
2396
2626
217
942
333
1895
1559
861
1967
2034
3065
4009
1800
1430
1415
2434
1684
2649
3997
2287
933
3333
1213
207
4093
1028
3830
3123
961
801
2416
504
3864
2309
94
1602
305
2840
2071
717
3571
1112
2601
4551
3087
1506
36
739
1037
3762
2057
57
2224
374
688
3531
2801
2781
1266
4672
1509
1098
2417
2372
3677
1388
3837
1281
4445
3699
777
1118
4096
3688
1729
2009
738
4542
3907
442
2531
1196
958
4104
1911
1866
3967
1948
4525
2753
4232
3590
1229
3820
1467
3281
1085
1485
1628
2539
2488
1676
318
755
3741
2705
3395
275
3863
2910
3950
2013
2720
2201
490
4505
1698
4053
1005
469
4025
3512
3026
154
32
1708
4154
3992
829
4069
1769
2471
2216
235
15
3615
1779
1435
1093
2943
770
2347
4027
1181
3250
3731
1130
1527
3397
4391
3945
3845
218
3586
73
3302
3366
3458
2131
3604
4367
3391
1579
2169
623
2223
3247
1894
2214
1303
3707
1615
1586
4565
3398
131
545
1821
3248
3488
4358
1642
3735
3080
897
43
1491
3276
4064
3670
3146
4343
756
2883
3141
494
3515
3148
2487
1655
938
2155
940
325
176
937
2266
2567
1353
2979
3213
2667
1203
2828
1452
2184
1772
1406
2360
2435
420
678
2202
443
4435
3968
3904
2412
2092
4303
3239
168
499
1053
432
939
1815
4149
1547
4674
1159
3631
1970
702
3690
668
1483
2886
1502
2725
3711
3564
68
586
3193
1751
722
4162
4610
1953
1047
4548
2690
4291
1462
2258
3881
3039
1854
747
1522
3769
2884
3969
2328
3787
3872
1007
497
1180
1949
321
4575
3775
2632
3073
3982
1117
1742
2780
3349
2118
3689
880
404
2242
1318
4321
130
4119
279
711
4512
1607
2778
3651
3726
3103
2329
1153
2414
3873
4206
684
572
3937
2977
4560
3244
2826
3461
2554
2439
3344
1651
234
463
714
633
1784
4274
2553
2191
781
1556
4310
2708
1762
3932
4389
1334
802
96
2020
4639
3773
1122
2430
3464
1211
823
988
3329
2123
3890
4621
3474
378
944
2855
2807
4086
2654
1217
3023
2961
1298
807
2023
2788
4446
3006
3643
4617
794
2754
4443
485
1694
1764
97
1951
2149
565
3645
4628
3449
786
3208
671
441
346
1019
1150
21
2398
757
902
4351
1330
3954
4194
4103
4520
1433
3784
3136
700
3551
647
2207
2161
293
2388
1555
2114
841
624
1918
3938
2784
3164
525
651
2068
2138
2110
2803
2579
1564
2991
805
970
3138
2999
2804
2561
10
372
2761
683
4606
3758
3713
3662
4058
2707
2209
67
924
1296
3497
1143
92
3919
4497
4573
312
3795
1943
2095
2150
1466
206
2269
3840
1173
1960
1092
3831
4450
4002
1873
3661
332
2875
3470
912
2966
3530
1616
1342
261
732
394
137
1735
1987
3176
4669
810
3421
2805
478
2612
1692
2863
3134
2549
2493
2098
4208
242
1438
2744
2400
913
1807
1570
3154
2986
1230
1200
3462
3151
3298
1192
2072
2330
3748
4023
881
734
4197
1855
920
4541
975
990
188
1808
2154
1842
4055
828
1634
812
3277
2927
1599
139
3025
2349
1390
3116
2897
4234
1935
1988
1412
1680
1887
4170
2839
3936
4665
1767
512
1597
1288
1128
1432
1314
3760
2738
4352
4088
2658
1677
147
3369
4578
2574
297
3359
2968
3640
2359
3200
4294
2710
1261
3477
1079
2029
1377
237
2836
3858
4416
4492
1263
2037
4229
2490
2386
3717
2327
4159
2010
1997
2280
4342
699
3490
328
1293
2408
2741
1222
1598
4118
2210
514
4506
602
3483
2213
4340
1765
1206
2026
477
1632
4636
1312
3614
979
1643
4277
3160
3810
4527
3057
1082
3599
2234
281
4646
2995
3168
1892
4130
693
4344
4583
2732
3498
3479
2323
2402
2062
2105
3823
4185
3184
1804
3034
3100
1740
3853
4323
4312
351
277
2680
4177
4453
4059
1039
2843
2614
3255
3482
654
3406
2481
3724
4461
3743
488
3673
792
2504
2362
3593
2932
319
2532
2564
3484
126
790
2963
4360
3473
1596
965
3592
482
159
3552
4309
2291
303
2773
2723
4199
3407
1258
4257
3909
727
547
872
4655
4659
1154
4075
931
1155
3605
1199
452
4599
268
1010
4099
3285
63
2087
3030
2864
2798
3532
821
141
762
520
3486
3720
2228
4129
859
2745
1348
579
1490
4552
653
2255
3623
72
1604
3162
2941
2726
1057
1624
3125
3915
4472
2279
3877
1354
2981
324
4320
996
2377
1585
526
3318
2313
4392
3340
1995
922
1324
4519
3652
876
3270
2421
1492
4044
2925
3521
3195
2850
156
3165
615
1416
618
1427
2544
3985
3976
631
4398
4641
102
2782
649
155
2557
899
4486
393
509
1470
322
848
1402
3041
3808
806
3931
3347
1721
1713
177
2363
3282
27
1297
1707
3161
3983
2260
4508
3400
3972
3454
1668
1590
779
628
4287
3067
2340
2370
4420
2083
2811
166
429
4607
4087
3300
2903
1338
3509
664
4374
2127
267
3805
8
2691
1021
172
4590
1496
560
636
2495
2462
1667
4026
4253
1149
559
585
2091
4671
2459
1701
3405
4524
2078
2923
3231
3714
3389
1125
3387
1508
1494
2505
344
1158
2304
4035
2551
295
3416
3581
3316
2358
2175
461
736
2625
4600
4354
3337
174
2706
2259
1858
2003
2453
4270
3712
3227
1275
1421
1771
3676
4268
3874
1549
307
4039
827
1407
3342
981
635
2195
1131
1922
2873
1454
1241
2090
1912
2822
4138
4201
3206
3425
1580
4357
2077
14
4394
2657
1994
3209
2591
3935
2889
376
1239
3412
1516
3460
1552
4377
3535
644
138
2563
439
254
1532
214
3310
2613
182
1890
1429
2366
364
1101
1510
2697
290
1291
3240
1269
563
2324
3516
3644
1973
4467
4644
1686
3780
2273
984
3683
2719
2686
963
3271
3430
889
3821
47
4635
414
1886
4187
1116
3980
1518
803
1562
3687
2556
4033
2630
2593
4604
2578
4290
2800
3109
4364
239
2813
3232
2455
2420
1141
4134
1806
4612
3725
2633
433
4348
1752
2595
3179
1990
4346
2905
1744
4
4204
2074
3607
1966
4440
1619
3996
160
4640
1398
4547
3639
3925
2865
1276
2306
542
1372
2431
4515
1169
2695
2485
4576
1638
3297
3861
4065
4477
457
2401
3628
3423
599
3778
1614
3230
4167
4329
3278
641
4056
797
2760
4536
1157
54
561
845
52
4212
1724
3994
4168
3492
1841
4043
677
1360
748
2837
3879
410
3878
4280
3633
843
3511
4097
676
2469
425
3438
416
3678
1636
1931
83
2261
4592
1512
1530
1336
24
3187
3198
423
4203
3764
3444
1274
1704
2112
224
1374
4365
1041
1207
238
3259
3045
1033
1666
2473
1553
558
4228
2257
4158
4207
3268
4337
3600
3903
3538
2922
2817
1991
3174
2348
4373
3870
857
2231
1904
3588
2391
3910
2857
3415
3226
3757
710
3133
379
3761
3072
4362
3886
1341
4090
643
1209
291
2940
3849
3450
4279
2757
2882
296
3965
1797
3199
3385
954
4567
314
3326
2603
607
3096
850
266
1824
2476
4393
362
903
2043
2679
4089
1874
2301
2365
4532
707
3580
1936
1980
406
4656
3150
1747
2702
1018
18
1846
1457
3368
1914
505
1038
1032
4284
3336
2975
4544
2278
1592
1983
4660
1044
421
2965
4041
1480
825
3417
2858
4145
1014
3811
3944
3457
211
3120
1845
2598
4623
2545
3201
934
3880
2381
2947
301
1307
4308
3883
3899
2119
258
109
1477
74
2124
2102
4375
103
4136
1426
2011
4220
3663
349
4511
3241
4161
4258
3988
225
1187
4066
2002
2787
639
1062
4106
3744
9
1945
3408
2974
4298
2369
2076
1646
310
1042
2199
1413
1528
4408
2955
3254
1317
3709
1405
4406
1605
212
4092
1166
656
2783
694
4200
4566
1750
2211
3951
3163
2852
60
3280
2765
4067
2384
4074
4670
2004
782
3476
4462
1910
3159
4423
3875
4054
4478
3921
396
2717
255
4619
2390
26
2796
4501
4219
2428
3544
3147
2018
4418
4272
2122
3527
3487
210
3381
415
2755
3157
2950
555
2046
161
4407
1864
3508
4630
2274
3539
3350
2093
407
1384
330
140
365
3665
892
4202
4470
4046
1142
3443
3548
4405
385
2450
2305
3309
4238
4307
3399
1292
2425
4048
1404
2389
549
1278
3546
3296
4611
1720
832
3229
3186
991
100
1985
704
2405
1583
2499
2144
85
2546
551
1225
2376
66
244
49
4410
1340
2972
110
175
2061
1186
1009
1768
4370
3587
3204
3177
1630
3565
2135
373
3523
2500
3867
1313
4127
2361
3782
213
4045
1482
4401
2129
856
3679
2585
236
2319
1900
3991
3801
3343
3118
4273
4474
2684
1366
992
2542
3647
3650
2902
604
334
3005
3390
1162
2507
692
2670
796
4651
3984
2325
767
2031
1557
4464
302
2178
4221
945
1929
2219
4366
348
2917
184
3078
3680
3496
862
503
1285
371
1876
4100
2861
2712
2533
871
3363
1984
117
1337
4582
3169
2226
2689
4386
2740
949
619
3928
4653
4144
2842
2403
2887
3746
709
3142
3308
3962
1219
1198
3777
1455
2763
196
384
4316
2053
718
2668
4223
878
4414
2427
1635
3037
3304
4363
2908
846
3288
1706
3358
178
2538
2559
2853
401
1838
4638
1165
2443
3439
763
1001
3091
2406
1776
2353
1731
629
3855
3656
935
1320
4001
129
1089
2442
3617
2944
2769
323
1487
2374
4518
3583
4178
3658
1872
1090
1714
2577
3659
4143
3372
226
4469
1474
532
2218
2647
1595
3706
838
2404
2227
1193
3914
1283
2333
4250
1843
397
1963
4652
1499
2284
2189
3265
502
2656
1357
2041
1689
1389
754
1294
1189
2148
930
894
2264
974
2596
2777
1880
3901
487
4214
2510
341
4549
495
4645
4383
3749
2998
783
3796
3891
3143
1902
999
3986
1188
3319
1535
262
1641
896
4632
1828
1816
2167
1091
3455
2364
610
2937
448
3719
2293
2659
1204
1860
3478
1818
2028
1868
2648
436
3788
4615
4183
1823
1915
1796
4616
531
3061
2892
2635
1017
3674
2307
577
2162
3503
3959
1379
500
2100
3763
4233
2136
2848
969
4608
3692
3596
962
4240
1926
3574
2067
4490
4463
4509
1612
959
308
3181
1110
185
4372
3491
438
3871
3852
1319
513
1637
467
1728
2051
3313
2297
4112
4430
3582
4037
2016
3987
400
56
203
1333
2130
3180
4193
701
1242
3325
1250
1507
4498
2938
4324
1329
3307
705
600
2508
2844
1745
287
2854
1080
915
91
3638
4132
419
4433
2816
4513
4451
2179
4314
3850
2411
3507
2192
2432
2518
3038
3279
3196
4496
1286
3413
352
1070
3090
1781
1061
3970
2834
2346
3654
1639
1174
2163
3846
3323
143
751
3433
3203
3440
1682
3481
87
3990
1025
3885
4442
1627
282
2137
3729
567
1822
3577
2452
1074
3705
4412
2277
3002
3494
1959
1657
1436
507
2918
3089
2583
2350
1640
2139
2824
3847
2988
847
4146
1834
4151
1397
2337
570
788
380
3361
3189
3754
524
3768
4643
1897
1451
4244
1618
932
3911
3132
1928
4237
4063
2933
2503
3404
4227
3948
1489
2
2334
45
4444
1716
375
4666
1699
4013
1132
2042
1830
1739
3220
687
1738
3004
3341
1226
3559
3506
3541
1697
3609
508
1582
1524
4226
451
4225
98
3257
252
3351
1036
3698
1608
925
320
3536
3376
2036
3942
626
817
4156
2244
3827
1749
3068
2055
369
4091
3076
1417
151
578
900
3178
3576
2103
1601
1947
3621
2959
3144
893
1464
48
519
411
1030
4427
4062
3126
3155
2203
202
2692
1757
1870
1459
1533
4052
3212
367
2235
3084
3238
337
3242
2237
2945
440
2270
3173
1040
3806
179
3533
2217
1328
3912
4070
1783
740
3419
2413
3124
3824
1394
1107
4404
2424
3205
1759
209
538
3485
3626
1758
831
1419
4349
2653
1785
1850
2751
2147
1871
1593
1754
609
2283
2621
3803
1566
2240
2140
227
4411
3817
31
670
3843
70
1957
2701
1727
2819
1029
336
4263
4251
1071
3896
241
3153
3977
4483
593
4522
1678
715
4574
1770
2586
283
3635
424
3669
2221
3289
2241
3556
2767
2357
2885
2791
546
4029
506
3893
1743
2215
3923
496
4425
3021
3014
3727
1565
2610
2996
2180
114
370
697
574
3020
573
1399
4584
2033
2497
4654
4171
269
25
86
1798
3589
541
1015
145
587
2380
1753
3611
622
1899
3542
2930
4276
511
3245
1693
1437
4020
3108
1434
4637
1950
3770
1927
3027
1683
1052
1568
883
2514
3666
3598
2928
4281
3335
3489
1955
4082
3974
4434
858
41
1621
2616
4424
1214
703
347
3857
3702
4217
11
3070
79
191
1306
65
1164
4569
1801
3339
1877
125
906
4245
4246
446
343
2665
37
3557
311
2934
1104
791
660
4068
1387
1210
2441
1220
3194
2212
3734
3753
3876
3191
3010
2285
2634
1999
1461
598
4102
2097
4142
2921
4533
1358
3331
4609
1096
2872
2308
868
3000
3819
2464
3008
773
4413
3218
1794
456
3409
363
3334
4500
2718
468
4128
1567
4078
919
3314
285
4243
1244
1049
3501
435
3671
689
3816
4031
1095
4648
2172
2249
3606
2890
1550
2477
230
2639
1245
611
3716
4109
4073
1344
1456
960
1924
1479
1076
1837
2492
1304
2145
1673
3844
1439
2440
3888
1572
3472
4030
1431
1016
2407
4015
2159
1865
584
529
4380
2812
403
1832
4293
630
1989
3418
3547
1587
716
750
811
1891
4345
2600
4061
589
3452
4060
3082
1952
3545
3499
2920
2194
2444
1471
3815
4605
430
4180
1946
2300
4040
1578
1625
82
1302
4188
1253
2302
1249
2809
745
1386
1201
597
1349
4205
1359
822
3802
3471
3299
3013
3437
1775
2491
3053
3634
3210
3275
2728
2935
3052
3069
2831
4448
595
2662
1002
3071
493
3135
1055
3940
1591
2286
1385
315
4399
4596
3354
3627
713
3427
1102
1925
1515
3767
1006
4267
1221
1802
387
1788
3946
4376
3975
4457
2173
1827
1447
1008
983
170
4184
3520
1309
2587
3550
1848
1773
4661
957
4631
652
4289
3807
1097
1475
4181
799
1875
3835
2898
3563
81
3960
4537
1521
4479
2709
77
4382
3428
368
2643
454
2722
1718
1453
1316
4150
1370
1594
2188
1087
603
251
1420
2675
3918
1310
613
2952
142
3119
1746
2190
1252
2000
181
1380
2838
1458
88
3695
746
2607
55
3958
2543
3346
4319
2964
2555
4121
3264
1542
1392
780
3158
548
4022
3560
1231
3620
3624
359
867
533
413
708
2368
3234
1711
1446
89
3355
731
1665
1626
4160
4028
928
2676
3610
3130
1172
2799
884
885
286
465
2475
886
785
1538
4213
719
2936
229
4247
1569
1205
76
16
1825
836
256
4601
1766
1577
1449
316
59
486
753
1778
1378
2056
1932
2096
2904
3445
4460
4558
4384
3446
3684
2924
1264
200
3456
2040
61
4419
4051
2164
3518
1422
2517
3569
3081
877
943
2048
4369
449
1979
989
2572
3700
2739
3017
33
1660
4516
1809
2225
3215
764
3190
3952
3042
720
1048
556
1511
299
1669
2433
712
1003
355
706
4361
1709
909
3834
2929
4288
1726
34
4126
4359
3664
1301
118
3322
1853
4663
1584
1968
1782
1648
3156
4570
951
4105
4466
3704
127
911
3031
818
1243
388
257
1813
2296
4077
357
2059
3098
3682
4252
1045
2379
761
2292
50
760
2696
744
4523
543
666
2735
1345
2423
183
2066
1246
4432
2410
1531
264
2678
592
4485
2581
3295
216
4403
3432
2448
1256
2529
3011
190
3856
4049
4114
616
2289
1722
1363
1573
150
1129
3630
3799
1287
1691
2619
4317
3414
3522
1934
3018
1311
588
4455
905
952
1715
3388
4459
274
382
2012
4588
2064
3058
3740
3646
1536
3722
1857
313
819
1653
995
1425
3922
1659
2456
4131
3832
2206
232
2229
3526
3131
204
104
3685
3519
1656
1529
3003
1083
3378
1526
2671
2355
4215
4137
431
840
2509
800
953
3044
3459
3422
3074
1760
3107
2970
2565
1267
4568
383
1717
1072
2535
3066
2373
4006
986
3828
1111
3897
4124
3558
2085
2851
837
3122
2065
2468
4355
250
2019
804
3167
2590
2846
1284
646
3728
3981
3629
4304
3137
1208
2387
998
4286
46
2743
2568
62
735
2793
3495
3924
2482
854
787
470
2375
3510
187
3043
3121
1123
1799
4038
2990
119
2987
3139
3426
3825
4338
1525
105
4586
3826
4562
2392
3862
3905
476
398
2602
1103
2867
2117
3434
2541
2790
2771
1982
916
2860
3056
1852
3549
4504
2271
1308
2570
3035
737
2772
4557
1939
163
3916
4216
4235
1654
4580
874
3228
3913
2704
2039
4545
2876
2638
2454
4004
3841
3649
596
3859
116
164
2956
926
2859
2604
2926
2673
742
696
4409
655
418
4417
2044
3015
292
2157
453
1996
2457
447
1084
1043
479
1144
3424
162
1723
844
2344
1054
4662
3694
2014
3616
122
901
3848
4262
4042
2685
775
246
1270
571
249
964
3085
2576
4198
3441
366
1364
492
2711
4489
3311
4438
3273
865
2084
1503
1254
4476
2677
815
1993
728
4218
669
3715
1300
1650
1820
3756
4595
391
1175
2982
4371
3836
4079
4341
2528
3266
7
1418
2896
248
3411
4224
2151
148
2322
2331
1268
1484
1088
3197
1793
186
3696
3225
1725
2447
4402
1965
4116
3691
1792
1106
575
2397
2489
3798
3032
4553
3759
1265
3345
4475
473
3075
536
245
4385
3029
3315
2758
1335
1067
1558
1004
4540
3403
1216
2196
243
1981
4658
1120
472
3601
1805
2655
4125
3505
1571
4415
460
2699
3396
90
1136
3502
665
1574
4437
1109
3183
4447
1183
1956
590
2871
4334
1863
3854
1919
158
1450
1829
1236
389
2830
4572
3252
4113
2540
2571
3786
2916
3529
994
276
1702
941
4111
304
4292
2449
4282
522
3892
982
530
950
1588
284
426
4603
3149
2419
1851
1831
4189
1675
3747
3718
3594
58
1826
617
2789
1369
4239
1167
4172
1840
2560
4164
2281
3370
3059
350
833
2506
1235
523
4556
2099
1791
3129
2907
1013
1073
4400
4299
1488
3573
1066
729
1879
3814
2580
1190
2599
2640
3902
2900
2466
726
3750
3384
4514
3394
120
1395
1867
381
2236
835
1195
650
4005
2806
4664
784
3800
1408
437
3060
2646
4008
498
3838
2537
3794
1540
2931
4529
265
3216
4011
921
1059
1690
280
29
2310
4657
1011
2069
4191
3926
3127
2915
4441
3374
1732
3083
842
1679
3101
725
288
1878
1998
4618
3575
2017
778
4242
19
4260
4107
1321
480
3235
3321
3375
768
4306
1160
759
4141
128
2133
2810
4675
3537
1218
4422
2498
1152
2246
2025
2339
1197
450
2106
2978
2015
1234
1814
977
2909
4057
272
1976
475
1534
1469
3040
852
4182
4598
101
826
1257
1688
1240
2672
4668
4174
564
2815
409
663
4318
4554
936
4534
2823
1410
4147
686
2008
3249
1280
3356
123
1977
4629
1086
583
2835
1777
194
947
338
2631
3274
2523
1889
2792
798
221
4368
2797
2461
3517
3797
808
4593
1629
3822
1202
918
399
4332
2267
2868
1327
4236
882
259
3365
2588
4285
2001
3900
4152
2250
3745
340
1940
927
3185
3525
3776
3793
3804
3930
2953
2750
331
263
1869
3774
3866
1051
3097
1473
1058
3453
4264
2919
3224
2182
809
1523
4255
814
1332
1623
3111
2901
199
4667
789
1343
2193
1519
1663
1233
464
4428
1954
2527
38
1322
2519
793
2318
1710
2989
3303
2552
3555
3051
4278
2906
2849
3223
4581
1255
863
3524
956
2316
2698
193
1563
3284
1361
2742
3290
3320
2856
657
474
4602
3595
3393
2371
2776
3625
2146
115
327
1835
4034
3352
3791
1696
4381
4115
3591
4488
4296
3839
1849
3703
3105
2721
2079
1606
2222
132
679
153
3953
869
4098
